4.652387045012324474e-01
5.679652826050385350e-01
6.823146030658596706e-01
6.232918425290377984e-01
5.147188273683915849e-01
5.321955595556336904e-01
5.638158248859572730e-01
5.647725041125906120e-01
6.529001146614729079e-01
7.174226224325910284e-01
6.432106955884578925e-01
7.279683403820444987e-01
6.709929898748218102e-01
6.010502577774835542e-01
6.091345488480655046e-01
6.384456615977588401e-01
6.535551513678397040e-01
6.673692231481831438e-01
6.612686418280744327e-01
6.132141522340790463e-01
