4.359341029051821970e+00
4.350862582347207130e+00
1.526779486201354841e+00
3.004050415673890750e+00
8.930857609600239000e-01
7.196198586771072048e-01
6.447280268217707722e-01
6.154588880635621928e-01
6.441779315680777884e-01
5.572623133043939081e-01
5.976102010371918682e-01
6.596284823918071583e-01
7.536154785535970069e-01
7.079623337997857924e-01
6.343936830517038494e-01
6.278791530804362919e-01
6.349172148208860333e-01
5.832207337041717121e-01
7.035865366429138179e-01
8.570653178406991701e-01
7.440393713840772749e-01
7.803902861540894520e-01
6.766546500914011331e-01
7.691887660915942559e-01
6.974907122904201451e-01
