0.000000000000000000e+00 7.704834496319238335e-01 1.673766467258319401e-01
6.427100869169711761e-14 6.385221595969267083e-01 6.072624214506150420e-01
3.570611593983173481e-14 6.513577319956337375e-01 7.111971043712300711e-01
2.856489275186538911e-14 6.622259426730982002e-01 6.615017341371947079e-01
7.855345506762982163e-14 6.500186258299538444e-01 8.635572628377301552e-01
6.427100869169711761e-14 5.964607259427414654e-01 1.933894189618717840e+00
4.998856231576443252e-14 5.444648389229745922e-01 2.656685700666892469e+00
9.997712463152886504e-14 5.708409437733180658e-01 2.280890844399291684e+00
4.998856231576443252e-14 5.823602948458938000e-01 1.650621014423658828e+00
7.855345506762982163e-14 5.871211345552381777e-01 1.976220591464070253e+00
7.141223187966346962e-14 6.993488583923024304e-01 3.888789990803136920e+00
1.428244637593269455e-14 7.763478368284243425e-01 5.409379521264082058e+00
4.998856231576443252e-14 9.217772346927284310e-01 4.874962927075113583e+00
4.998856231576443252e-14 9.925312437984371572e-01 4.483872490578155734e+00
1.428244637593269455e-14 1.003347640269375063e+00 6.105765217602145967e+00
7.141223187966346962e-14 1.112071808997838751e+00 6.712266383703540562e+00
7.855345506762982163e-14 1.350126561767178046e+00 6.994290396399344800e+00
4.998856231576443252e-14 1.696534884636974327e+00 9.128678641059194021e+00
9.997712463152886504e-14 2.319711266967218410e+00 8.207727568942566165e+00
4.998856231576443252e-14 2.499803413684887676e+00 9.588991659787804878e+00
6.427100869169711761e-14 3.182911278355468276e+00 5.533458709111766183e+00
7.855345506762982163e-14 3.018810767363099057e+00 4.729770713861668696e+00
2.856489275186538911e-14 2.926759908754303918e+00 3.158474242555551204e+00
3.570611593983173481e-14 2.841640948072156725e+00 2.557092280713049615e+00
7.141223187966346962e-14 2.787664113123514031e+00 4.721556805611970553e+00
0.000000000000000000e+00 2.878138170481068236e+00 1.003398798936940928e+01
7.141223187966346962e-14 3.147066578967407047e+00 1.239060328909387287e+01
3.570611593983173481e-14 2.341227800496405553e+00 2.001901375355443946e+01
2.856489275186538911e-14 2.246445687751902565e+00 1.604432433764703703e+01
8.569467825559617364e-14 1.589095831877727738e+00 1.480472122011418534e+01
6.427100869169711761e-14 9.273349089256484046e-01 1.204122134890741869e+01
4.998856231576443252e-14 5.709933993203886171e-01 5.647787698901533204e+00
1.071183478194952044e-13 4.640865712003394705e-01 4.028328417255812255e+00
4.998856231576443252e-14 5.073069863225692089e-01 4.728273303302949593e+00
7.855345506762982163e-14 6.782246104369124007e-01 2.982087080183369210e+00
7.855345506762982163e-14 7.642532231597154446e-01 4.346176178599413298e+00
1.428244637593269455e-14 8.445023433082263775e-01 2.191232080508650704e+00
4.998856231576443252e-14 9.523601482772594551e-01 3.966995078648237527e+00
4.998856231576443252e-14 1.114363215275383290e+00 3.415937665502442933e+00
1.428244637593269455e-14 1.119747904356710455e+00 3.970374160015052389e+00
7.855345506762982163e-14 8.875016928928918247e-01 5.187686148921688556e+00
7.855345506762982163e-14 6.106340962474130496e-01 5.329472869414660252e+00
4.998856231576443252e-14 3.227692802318922194e-01 5.883897437931993046e+00
1.071183478194952044e-13 1.947056718203497572e-01 4.947309655951970697e+00
4.998856231576443252e-14 3.247325993940963773e-01 3.170468963321907196e+00
6.427100869169711761e-14 4.287104721277812391e-01 1.977614678670041037e+00
8.569467825559617364e-14 4.816040223210484861e-01 7.265685204347339665e-01
2.856489275186538911e-14 5.194637188784220205e-01 1.468684261346204112e+00
4.284733912779808682e-14 5.784710580570114891e-01 1.124108259987143699e+00
7.141223187966346962e-14 5.817307801951824286e-01 1.136825089244142495e+00
0.000000000000000000e+00 5.233074323309515608e-01 1.329997793827715435e+00
7.141223187966346962e-14 4.886929020040938765e-01 1.110946167189681200e+00
4.284733912779808682e-14 5.002446425681044140e-01 8.406150137616100748e-01
2.856489275186538911e-14 4.905433551495030353e-01 9.155988236117549306e-01
9.283590144356251303e-14 4.522008062912591941e-01 1.246369229996429739e+00
6.427100869169711761e-14 4.223079967349493979e-01 6.644526312035299309e-01
4.284733912779808682e-14 4.499134438266789715e-01 2.025232294862310933e+00
1.142595710074615564e-13 5.138842018991587324e-01 1.913855591882119400e+00
4.998856231576443252e-14 5.622634825339299924e-01 7.129382299595354855e-01
7.855345506762982163e-14 5.563338568922480132e-01 8.886296378943943086e-01
7.855345506762982163e-14 5.281629533851889269e-01 1.598860169773446804e+00
1.428244637593269455e-14 5.424974993644690047e-01 1.639370067255260022e+00
4.998856231576443252e-14 5.728431080243594486e-01 1.257891936109338360e+00
4.998856231576443252e-14 5.773080879241494490e-01 1.089400183553072665e+00
1.428244637593269455e-14 5.822089846483526898e-01 6.820984614495572140e-01
7.855345506762982163e-14 5.980765168369963636e-01 7.609012765003443368e-01
7.855345506762982163e-14 6.072869212156700724e-01 4.904363940492291185e-01
3.570611593983173481e-14 6.123860704946662015e-01 5.506215492414879842e-01
1.142595710074615564e-13 6.226039029865405583e-01 5.195883100975871027e-01
4.284733912779808682e-14 6.204160982666264701e-01 4.560426576933269693e-01
5.712978550373077822e-14 6.139088525559025511e-01 2.749226588274135130e-01
7.855345506762982163e-14 6.163304571488184003e-01 4.860686345473799186e-01
2.856489275186538911e-14 6.125994284061643258e-01 5.250529595392973148e-01
3.570611593983173481e-14 6.028792530040351094e-01 4.432336970370349127e-01
6.427100869169711761e-14 6.232068072420705596e-01 1.005979021805704532e+00
0.000000000000000000e+00 6.663664516892954248e-01 1.134953638678977361e+00
6.427100869169711761e-14 6.980713558209786784e-01 6.380210061474455019e-01
2.856489275186538911e-14 7.023305272737551119e-01 4.228439801061164016e-01
2.856489275186538911e-14 6.908410709175736297e-01 3.727125862542005064e-01
7.141223187966346962e-14 6.838764865414587169e-01 4.246679805053488188e-01
4.998856231576443252e-14 6.893223293815623487e-01 4.238910228150256088e-01
4.284733912779808682e-14 6.980410909447619661e-01 3.913784569279231129e-01
1.142595710074615564e-13 7.004526905802642700e-01 5.435015088026291519e-01
2.856489275186538911e-14 6.928008821882071233e-01 6.313886961517825025e-01
7.855345506762982163e-14 6.773007990113429910e-01 5.163887932229126454e-01
8.569467825559617364e-14 6.664693541942727784e-01 3.314674583281691511e-01
1.428244637593269455e-14 6.668119450710325857e-01 3.402571720289013779e-01
5.712978550373077822e-14 6.760229430428776887e-01 5.681414226220730113e-01
5.712978550373077822e-14 6.837211680402569547e-01 4.573550709971400674e-01
7.141223187966347277e-15 6.872719802479543283e-01 3.575181262723027276e-01
8.569467825559617364e-14 6.907467087615111190e-01 3.938370033163759998e-01
7.855345506762982163e-14 6.921121472155665755e-01 3.479804590197402847e-01
2.856489275186538911e-14 6.896830956564313775e-01 3.731157488794981103e-01
1.142595710074615564e-13 6.804078227654160038e-01 5.293271471936127348e-01
4.284733912779808682e-14 6.678565878059161687e-01 6.576512734812235417e-01
3.570611593983173481e-14 6.669783682733114727e-01 7.247547408606653807e-01
7.141223187966346962e-14 6.829339422077179700e-01 9.087130346092958666e-01
2.856489275186538911e-14 7.022895346325580546e-01 8.861263437720607872e-01
2.142366956389904341e-14 7.074844638834142385e-01 8.768378071885142289e-01
5.712978550373077822e-14 7.099907695260384566e-01 7.665073178102547180e-01
0.000000000000000000e+00 7.221501409280709494e-01 5.763346687744578256e-01
5.712978550373077822e-14 7.340655362240227078e-01 6.115024230648221648e-01
2.142366956389904341e-14 7.436064226918535081e-01 5.988278384802948606e-01
2.856489275186538911e-14 7.551606139258530970e-01 4.490692374979003421e-01
6.427100869169711761e-14 7.644816390223091451e-01 3.673995872966163700e-01
3.570611593983173481e-14 7.668781904991087695e-01 3.658403681981663991e-01
4.284733912779808682e-14 7.687523629060171171e-01 2.410619770199003142e-01
1.142595710074615564e-13 7.708660267426346024e-01 2.821891160060382986e-01
2.142366956389904341e-14 7.666961421085924933e-01 3.961694724016723290e-01
7.855345506762982163e-14 7.651686679239401156e-01 2.884406026112920629e-01
8.569467825559617364e-14 7.709606878155804699e-01 3.334992320716316239e-01
2.142366956389904341e-14 7.768417489388216302e-01 3.268112753094115641e-01
5.712978550373077822e-14 7.767638508258106755e-01 3.322532881714162500e-01
5.712978550373077822e-14 7.758276076364440943e-01 2.686528543915964184e-01
1.428244637593269455e-14 7.791729769529653904e-01 3.094444721014678601e-01
8.569467825559617364e-14 7.815013859282460285e-01 2.496832524465957548e-01
7.855345506762982163e-14 7.816377015130068218e-01 3.603683456066443802e-01
1.428244637593269455e-14 7.827480418575121224e-01 3.659031492024121812e-01
1.142595710074615564e-13 7.836673131936111592e-01 3.451445081185928743e-01
4.284733912779808682e-14 7.835822998222864433e-01 2.667002384601045439e-01
2.856489275186538911e-14 7.838689660290193428e-01 1.947215591982036087e-01
6.427100869169711761e-14 7.848993945050871668e-01 2.028880513428782673e-01
2.856489275186538911e-14 7.856070377041027841e-01 2.635875779494134541e-01
7.141223187966347277e-15 7.830585193704002744e-01 2.744883027632251671e-01
4.284733912779808682e-14 7.797872442286462036e-01 1.858067004742998407e-01
0.000000000000000000e+00 7.814671274354291208e-01 2.528373665463225506e-01
4.284733912779808682e-14 7.847924332281941417e-01 2.766090418048165467e-01
7.141223187966347277e-15 7.858424358648125052e-01 3.376155228888136905e-01
2.856489275186538911e-14 7.871158991740581090e-01 2.091741702814638448e-01
5.712978550373077822e-14 7.892047789126505064e-01 2.536675631151658061e-01
2.142366956389904341e-14 7.904163229690531756e-01 2.925916403985313607e-01
4.284733912779808682e-14 7.908542613544141675e-01 2.269666740520839276e-01
1.214007941954278958e-13 7.879829149933866850e-01 2.632472266963424845e-01
0.000000000000000000e+00 7.848591801970598025e-01 1.905414621426870236e-01
7.855345506762982163e-14 7.866120332125001724e-01 2.945190848519290139e-01
8.569467825559617364e-14 7.893884795434913393e-01 2.495750943532211996e-01
2.856489275186538911e-14 7.881988036789614460e-01 1.526820431826931834e-01
5.712978550373077822e-14 7.846106868676704371e-01 2.341519471175861622e-01
5.712978550373077822e-14 7.831728969918511085e-01 1.467892988995626868e-01
3.570611593983173481e-14 7.829385499565708617e-01 1.358166032622355190e-01
8.569467825559617364e-14 7.822312202642742740e-01 2.193316499803348030e-01
7.855345506762982163e-14 7.827937291476819714e-01 2.335095952331406877e-01
0.000000000000000000e+00 7.872351237261721035e-01 2.739292011688943540e-01
1.214007941954278958e-13 7.935115095384032147e-01 2.523879962770786967e-01
4.284733912779808682e-14 7.964090898291662501e-01 1.796949716176395040e-01
2.142366956389904341e-14 7.973946484331790874e-01 2.544147425208849178e-01
4.284733912779808682e-14 8.001900288592207477e-01 2.324423617624246097e-01
2.856489275186538911e-14 8.021401958489281503e-01 2.579749089908855431e-01
0.000000000000000000e+00 8.017449518338589654e-01 3.175903012269522541e-01
2.856489275186538911e-14 8.011498388504718626e-01 2.459788550670801710e-01
0.000000000000000000e+00 7.988761683477413333e-01 2.714424409080660183e-01
2.856489275186538911e-14 7.983199155265169322e-01 2.486936793824660319e-01
0.000000000000000000e+00 8.011248636619907604e-01 2.350963873404815774e-01
2.856489275186538911e-14 8.038028812860207317e-01 3.271469268765289651e-01
4.284733912779808682e-14 8.045938439511506335e-01 2.900414804122576351e-01
7.141223187966347277e-15 8.059969856038143865e-01 2.334222908876931735e-01
4.998856231576443252e-14 8.105643278045367994e-01 2.412196862192820535e-01
1.214007941954278958e-13 8.144844101256791813e-01 2.213242241295527712e-01
7.141223187966347277e-15 8.121030987817848823e-01 3.104407440967940079e-01
7.855345506762982163e-14 8.063530050141483052e-01 2.738497645852647766e-01
9.283590144356251303e-14 8.031205997964389054e-01 1.825566903975179289e-01
4.998856231576443252e-14 8.041337217965213169e-01 2.783464278085313048e-01
5.712978550373077822e-14 8.086496485267853362e-01 2.802677329731347311e-01
5.712978550373077822e-14 8.113661390617807889e-01 1.998338006773361653e-01
4.998856231576443252e-14 8.086362079091843347e-01 2.622658784334551130e-01
9.283590144356251303e-14 8.074304367676300442e-01 1.969310782631170098e-01
7.855345506762982163e-14 8.111971387320583426e-01 3.028536216852659169e-01
1.428244637593269455e-14 8.138913846303204025e-01 2.947491338307520747e-01
1.214007941954278958e-13 8.119891951734607982e-01 2.734181986414432330e-01
4.998856231576443252e-14 8.100116358621449741e-01 2.557985758334894721e-01
7.141223187966347277e-15 8.111503350129996015e-01 2.179777789797859577e-01
4.284733912779808682e-14 8.109381189423645608e-01 2.621671266740908113e-01
2.856489275186538911e-14 8.083431354471013464e-01 2.198682410189066461e-01
7.141223187966347277e-15 8.075856920652298987e-01 1.594562387358157418e-01
2.142366956389904341e-14 8.087574152923885373e-01 2.344239387376571560e-01
0.000000000000000000e+00 8.083939125344228316e-01 1.550626854386160103e-01
2.142366956389904341e-14 8.069353537250615327e-01 3.629811915213079776e-01
7.141223187966347277e-15 8.060233747247824709e-01 3.239335062805204224e-01
2.856489275186538911e-14 8.053583354301833142e-01 4.087236097420837710e-01
3.570611593983173481e-14 8.060078333063080969e-01 3.997352625901247625e-01
0.000000000000000000e+00 8.077247439097919868e-01 2.238578466464085093e-01
4.998856231576443252e-14 8.090841037112189715e-01 5.084942045873638294e-01
1.214007941954278958e-13 8.110686516129939072e-01 2.955521397970508612e-01
1.428244637593269455e-14 8.138732691133969688e-01 2.746172501409058775e-01
7.855345506762982163e-14 8.160324843639656933e-01 3.546007326115040437e-01
9.283590144356251303e-14 8.148871799517147796e-01 2.777195357343699156e-01
5.712978550373077822e-14 8.103337853150285319e-01 4.704790249079733311e-01
7.141223187966346962e-14 8.053340759898290901e-01 3.550462555259430997e-01
7.141223187966346962e-14 7.993652123915861996e-01 3.552129202815001996e-01
5.712978550373077822e-14 7.953177575614632788e-01 3.453892288924990117e-01
9.283590144356251303e-14 7.965548815106267000e-01 3.804740053060548521e-01
7.855345506762982163e-14 8.027962449925837296e-01 5.377721667506937253e-01
2.856489275186538911e-14 8.128844635879590719e-01 6.638547503662144411e-01
1.214007941954278958e-13 8.176340955231754526e-01 2.911989094601446504e-01
4.998856231576443252e-14 8.128946122200056967e-01 4.402865280439213214e-01
0.000000000000000000e+00 8.106938272561887704e-01 4.736302097183389681e-01
3.570611593983173481e-14 8.165147144856607087e-01 4.810583509254200418e-01
2.856489275186538911e-14 8.203642072992965995e-01 4.892931736945901888e-01
1.428244637593269455e-14 8.211346878900336321e-01 5.606681349489693877e-01
7.141223187966347277e-15 8.179266850744865147e-01 3.613991621857789438e-01
0.000000000000000000e+00 8.134952257212247906e-01 3.715542823417869456e-01
