#! FIELDS proj feproj dfeproj_proj
#! SET normalisation  1.000000000000000000000000e+00
#! SET min_proj 67
#! SET max_proj 77
#! SET nbins_proj  200
#! SET periodic_proj false
 6.700000000000000000000000e+01 1.458345530670925960237128e+01 1.431201286752206616043059e-03
 6.704999999999999715782906e+01 1.759310646897540664213011e+01 -7.868761047735085556453782e-01
 6.709999999999999431565811e+01 1.749537596284439544547240e+01 -2.962371214727856028048336e+00
 6.715000000000000568434189e+01 1.733219725807374089754376e+01 -3.203236840273917529486880e+00
 6.720000000000000284217094e+01 1.719635585140095201950317e+01 -2.185512609781270487729898e+00
 6.725000000000000000000000e+01 1.710622954751172031251372e+01 -1.558263186477010009411970e+00
 6.729999999999999715782906e+01 1.703017731848402149807953e+01 -1.497498787651670992815411e+00
 6.734999999999999431565811e+01 1.696409066089920614217590e+01 -1.062951890660439602243059e+00
 6.740000000000000568434189e+01 1.691852217182028539355088e+01 -9.647636617040743489681631e-01
 6.745000000000000284217094e+01 1.685039937356125605560919e+01 -1.760268245874350379054363e+00
 6.750000000000000000000000e+01 1.675349917371258001708156e+01 -2.071809233028410357491111e+00
 6.754999999999999715782906e+01 1.663378490788310060111144e+01 -2.816991925965707466161803e+00
 6.759999999999999431565811e+01 1.647704549878895718961758e+01 -3.325260905761642238331888e+00
 6.765000000000000568434189e+01 1.630115052164730471417897e+01 -3.841693363339760303176718e+00
 6.770000000000000284217094e+01 1.608768975167336634513049e+01 -4.560587033428472381046959e+00
 6.775000000000000000000000e+01 1.584566406765435608861026e+01 -5.676267507309426640915717e+00
 6.779999999999999715782906e+01 1.538164301927290011917648e+01 -1.403397805773334816592524e+01
 6.784999999999999431565811e+01 1.454087150526162730557189e+01 -1.740103066625292527191959e+01
 6.790000000000000568434189e+01 1.375477426176648876321451e+01 -1.394933015643995233290298e+01
 6.795000000000000284217094e+01 1.307234791545373830956578e+01 -1.452889001139723390565450e+01
 6.800000000000000000000000e+01 1.224242061378594215170779e+01 -1.804081169793158068159755e+01
 6.804999999999999715782906e+01 1.133664287473264131733686e+01 -1.771396740550601833774635e+01
 6.809999999999999431565811e+01 1.044786547803910892184831e+01 -1.824275029759474975321609e+01
 6.815000000000000568434189e+01 9.517968614578624197974932e+00 -1.830666710291691501311107e+01
 6.820000000000000284217094e+01 8.690652352848859507616908e+00 -1.427845133664029297904108e+01
 6.825000000000000000000000e+01 8.099321772259344243138912e+00 -9.737782884170036012960736e+00
 6.829999999999999715782906e+01 7.632892841852864762586250e+00 -9.975635751912300008825696e+00
 6.834999999999999431565811e+01 7.063609246431523658316110e+00 -1.224033801458045545018649e+01
 6.840000000000000568434189e+01 6.480102838744477011800882e+00 -1.071914039997586165497978e+01
 6.845000000000000284217094e+01 5.983062211471853686362010e+00 -9.654432854552014831028828e+00
 6.850000000000000000000000e+01 5.435527795286784424888538e+00 -1.297785359639112634511093e+01
 6.854999999999999715782906e+01 4.674937782176384892807164e+00 -1.688539018013238290905065e+01
 6.859999999999999431565811e+01 3.796698297837507674046265e+00 -1.795987859015519561012297e+01
 6.865000000000000568434189e+01 2.901493570680610645240449e+00 -1.751195346853708656453819e+01
 6.870000000000000284217094e+01 2.088112199729307505435827e+00 -1.460449388207162257913296e+01
 6.875000000000000000000000e+01 1.473049189893091082126375e+00 -9.788147932271691331607144e+00
 6.879999999999999715782906e+01 1.119091760772562338388525e+00 -4.395434401618925512877922e+00
 6.884999999999999431565811e+01 1.014654849539978087591408e+00 -1.554254805456611043812387e-01
 6.890000000000000568434189e+01 1.052221875629751224323627e+00 1.093610170019313709843800e+00
 6.895000000000000284217094e+01 1.061571542899645947954923e+00 -1.561829451735932350331382e+00
 6.900000000000000000000000e+01 8.248217314823360624131965e-01 -7.662489764327193420001549e+00
 6.904999999999999715782906e+01 4.140224577516846693470143e-01 -7.595998291243067690459156e+00
 6.909999999999999431565811e+01 1.198474627661934022171408e-01 -4.092758684801457214064158e+00
 6.915000000000000568434189e+01 0.000000000000000000000000e+00 -7.116365156889363774439516e-01
 6.920000000000000284217094e+01 5.962672492500509235924255e-02 3.279388292570783569601645e+00
 6.925000000000000000000000e+01 3.411718435382251612963955e-01 7.985047627427198868588221e+00
 6.929999999999999715782906e+01 8.257231518057697172707776e-01 1.036830493619809878680371e+01
 6.934999999999999431565811e+01 1.106889571474560796104925e+00 -2.401480954000144496518487e+00
 6.940000000000000568434189e+01 7.258275299299175031819686e-01 -8.947227107281447544551156e+00
 6.945000000000000284217094e+01 4.055418112448325729246790e-01 -3.375740309841848141303444e+00
 6.950000000000000000000000e+01 3.911980781877613111419123e-01 2.551082701934773933061251e+00
 6.954999999999999715782906e+01 6.117686423869361789229515e-01 5.569558587718647757469626e+00
 6.959999999999999431565811e+01 8.869830012242019279256056e-01 5.225704500844122080138732e+00
 6.965000000000000568434189e+01 1.152208815574550015981004e+00 5.610191939392807469744184e+00
 6.970000000000000284217094e+01 1.445352410798866671370888e+00 5.931444937471213485480348e+00
 6.975000000000000000000000e+01 1.734420334045864819927374e+00 5.572342967001830515982874e+00
 6.979999999999999715782906e+01 1.998082425040109910696629e+00 4.875757513160408507246757e+00
 6.984999999999999431565811e+01 2.214137329412331212097342e+00 3.634548912594794511932150e+00
 6.990000000000000568434189e+01 2.346836594095488948141792e+00 1.748539931760415999661973e+00
 6.995000000000000284217094e+01 2.443324761396594269058369e+00 2.910434003392226465223303e+00
 7.000000000000000000000000e+01 2.705491693522468210630905e+00 8.003180761211000415755734e+00
 7.004999999999999715782906e+01 3.265318991829180284014456e+00 1.442057782758775807963048e+01
 7.009999999999999431565811e+01 4.127892142743027292794977e+00 1.951561637493643885932215e+01
 7.015000000000000568434189e+01 5.096869660517199029925450e+00 1.741824341125406050423408e+01
 7.020000000000000284217094e+01 5.748876591067871189011385e+00 8.689315569785078352538221e+00
 7.025000000000000000000000e+01 6.074186526462255208969054e+00 5.130836959092797577852707e+00
 7.029999999999999715782906e+01 6.349909607171732695007904e+00 6.165691307621306016528706e+00
 7.034999999999999431565811e+01 6.674447431551453036036037e+00 6.256493065917751117410717e+00
 7.040000000000000568434189e+01 6.935986889689959689064835e+00 4.182374222932542906505660e+00
 7.045000000000000284217094e+01 7.118052334638571565506027e+00 3.311728766179028671245987e+00
 7.050000000000000000000000e+01 7.265840050349860135270319e+00 2.416368890822162995846156e+00
 7.054999999999999715782906e+01 7.344033150095826911751828e+00 6.814907240505096996940892e-01
 7.059999999999999431565811e+01 7.353931736462001822474122e+00 6.173202798449166361915985e-02
 7.065000000000000568434189e+01 7.379095219509768988075393e+00 1.065888752434212216613219e+00
 7.070000000000000284217094e+01 7.458405147074236296589334e+00 2.023835960054891636161756e+00
 7.075000000000000000000000e+01 7.576779013733980328026973e+00 2.671247658913769473798538e+00
 7.079999999999999715782906e+01 7.715752021632290791330888e+00 2.737741407046718755680104e+00
 7.084999999999999431565811e+01 7.845706126798090096485794e+00 2.590556889769751958141342e+00
 7.090000000000000568434189e+01 7.999727101370668336244307e+00 3.813979017133160009933590e+00
 7.095000000000000284217094e+01 8.239345988472567938742941e+00 5.731522260762941023415351e+00
 7.100000000000000000000000e+01 8.556175023764062359532545e+00 6.698764387116045604386727e+00
 7.104999999999999715782906e+01 8.891613166718180139014294e+00 6.618861582316121427993494e+00
 7.109999999999999431565811e+01 9.205752050270737285586620e+00 5.676795546027298300373332e+00
 7.115000000000000568434189e+01 9.424644202304156337390850e+00 2.799337174415332363253128e+00
 7.120000000000000284217094e+01 9.481338761781868740285972e+00 -4.622124273686896711588190e-01
 7.125000000000000000000000e+01 9.387108671395829162520386e+00 -3.210445472036626668455028e+00
 7.129999999999999715782906e+01 9.176281154662605743510539e+00 -5.004777169448186846523186e+00
 7.134999999999999431565811e+01 8.913207248843351138134494e+00 -5.253841884454915955871002e+00
 7.140000000000000568434189e+01 8.669786571616731052358773e+00 -4.389332222586446619061462e+00
 7.145000000000000284217094e+01 8.478560038740519999578282e+00 -3.219383269035445138683826e+00
 7.150000000000000000000000e+01 8.354967811212198114390048e+00 -1.646746450237397407789786e+00
 7.154999999999999715782906e+01 8.314739176117944552402150e+00 -6.654359382554494994899130e-02
 7.159999999999999431565811e+01 8.326116169213605644472409e+00 2.193925572226377296303212e-01
 7.165000000000000568434189e+01 8.307219011857878143700873e+00 -1.193309584990474236931846e+00
 7.170000000000000284217094e+01 8.206085706216189379347270e+00 -2.588042247424939379385478e+00
 7.175000000000000000000000e+01 8.091926343226614193326895e+00 -1.542844262751263295641024e+00
 7.179999999999999715782906e+01 8.076194752578311764068530e+00 9.139521199880425994521715e-01
 7.184999999999999431565811e+01 8.160808310437662527192515e+00 2.090332949122729822022393e+00
 7.190000000000000568434189e+01 8.254734735288177915890628e+00 1.600517664930489081243081e+00
 7.195000000000000284217094e+01 8.338829272653548230209708e+00 2.014845739724197226649949e+00
 7.200000000000000000000000e+01 8.466102618935464008131930e+00 2.986750841685878121722908e+00
 7.204999999999999715782906e+01 8.620466127630379560287111e+00 3.036393097879507951830647e+00
 7.209999999999999431565811e+01 8.766565638806969928964463e+00 2.857647613661771668347455e+00
 7.215000000000000568434189e+01 8.910302267996559777429866e+00 2.851828614648609594439677e+00
 7.220000000000000284217094e+01 9.040794999266410059135524e+00 2.234799867168613118906251e+00
 7.225000000000000000000000e+01 9.131516739484759170863981e+00 1.530174918652255966478037e+00
 7.229999999999999715782906e+01 9.222761427550516089013399e+00 2.461941663992332607335811e+00
 7.234999999999999431565811e+01 9.403184825137028468589051e+00 4.857578397676793002801787e+00
 7.240000000000000568434189e+01 9.706325729919310418836176e+00 7.158653884975590742101303e+00
 7.245000000000000284217094e+01 1.011101094740176264963338e+01 9.000233292591222067358103e+00
 7.250000000000000000000000e+01 1.060584618668799095075883e+01 1.068109073732038538651068e+01
 7.254999999999999715782906e+01 1.114574107479176667823140e+01 1.027846212182836893589410e+01
 7.259999999999999431565811e+01 1.158030561996614160591434e+01 6.912682209589958048923108e+00
 7.265000000000000568434189e+01 1.187112889356530587292582e+01 5.188580559365301603236276e+00
 7.270000000000000284217094e+01 1.213255877926772186015114e+01 5.291267477941671515395683e+00
 7.275000000000000000000000e+01 1.239625636694327859288478e+01 5.131165536053364562008028e+00
 7.279999999999999715782906e+01 1.264079661733105020005041e+01 4.637194817519429079766269e+00
 7.284999999999999431565811e+01 1.285987504896655764241586e+01 4.080840303414644765211960e+00
 7.290000000000000568434189e+01 1.304372018319976511691038e+01 3.195582837859842761929485e+00
 7.295000000000000284217094e+01 1.317468682706334526244518e+01 2.025863932572443903978865e+00
 7.300000000000000000000000e+01 1.325002808036653689782725e+01 1.023318993572222002086392e+00
 7.304999999999999715782906e+01 1.327947372731307318360905e+01 1.969821767192626305043035e-01
 7.309999999999999431565811e+01 1.328112363819654717644880e+01 2.156279328228527872313158e-02
 7.315000000000000568434189e+01 1.329607397680330116429559e+01 6.901745905895386723472029e-01
 7.320000000000000284217094e+01 1.335638022496715393572231e+01 1.702730922096864496495527e+00
 7.325000000000000000000000e+01 1.345769152816792768589949e+01 2.242351728731971416408442e+00
 7.329999999999999715782906e+01 1.357342488446323258699522e+01 2.316859451754609278140151e+00
 7.334999999999999431565811e+01 1.367678074856939574033277e+01 1.651009367357039181456457e+00
 7.340000000000000568434189e+01 1.373167182333892988310708e+01 6.192471362219377217783745e-01
 7.345000000000000284217094e+01 1.375312764802815834741523e+01 3.443833917750891426834414e-01
 7.350000000000000000000000e+01 1.376907220339189130697832e+01 2.962814777472766447630192e-01
 7.354999999999999715782906e+01 1.378948991988662520213893e+01 6.393760061369625491423108e-01
 7.359999999999999431565811e+01 1.384363337902584412120177e+01 1.576013678674199613993778e+00
 7.365000000000000568434189e+01 1.394509749045237967379762e+01 2.380936256373170412103946e+00
 7.370000000000000284217094e+01 1.406477832743339106968961e+01 2.214931261243846982722516e+00
 7.375000000000000000000000e+01 1.415972715433826323305766e+01 1.676964093118712195717990e+00
 7.379999999999999715782906e+01 1.424801771635176805830270e+01 1.929345709925708973742076e+00
 7.384999999999999431565811e+01 1.434150214828399327871011e+01 1.539003172677766428932955e+00
 7.390000000000000568434189e+01 1.437997033766674981336564e+01 -3.441081843604501533384621e-02
 7.395000000000000284217094e+01 1.435506208142572148744875e+01 -7.155935730496576496761918e-01
 7.400000000000000000000000e+01 1.432615332320668954935172e+01 -3.639901899526525319572556e-01
 7.404999999999999715782906e+01 1.432013736429747119416334e+01 9.947037998869497077425450e-02
 7.409999999999999431565811e+01 1.433243487453108144791258e+01 3.358419325075316930195868e-01
 7.415000000000000568434189e+01 1.434666807937427179808765e+01 1.580397330045957560162861e-01
 7.420000000000000284217094e+01 1.434351442010038368835012e+01 -2.884873683623048745694462e-01
 7.425000000000000000000000e+01 1.432229542903108487905683e+01 -4.892635173104815105027399e-01
 7.429999999999999715782906e+01 1.430044325279060402067444e+01 -3.612878631547447039196186e-01
 7.434999999999999431565811e+01 1.428677448751486700473379e+01 -1.701096873635498385457510e-01
 7.440000000000000568434189e+01 1.428889602326422902933700e+01 3.281341400252070772403101e-01
 7.445000000000000284217094e+01 1.432298935575622778060279e+01 9.922568914261338246518562e-01
 7.450000000000000000000000e+01 1.437634462088772657750724e+01 9.814483488335195016105672e-01
 7.454999999999999715782906e+01 1.440943604909783104517373e+01 3.114001678489756175238767e-01
 7.459999999999999431565811e+01 1.441320905669512342228700e+01 -6.800973245114784460074731e-02
 7.465000000000000568434189e+01 1.440871040026765825814437e+01 -9.971763391777434260010438e-02
 7.470000000000000284217094e+01 1.440287371643981551017077e+01 -1.355741797801450487792607e-01
 7.475000000000000000000000e+01 1.439571904690800785431293e+01 -1.576035031373138051158378e-01
 7.479999999999999715782906e+01 1.438439507056344979218920e+01 -3.318778353241310097310190e-01
 7.484999999999999431565811e+01 1.436279474966358904453045e+01 -4.743822334236837412468901e-01
 7.490000000000000568434189e+01 1.434630537879280609558919e+01 -1.001686869987354622235642e-01
 7.495000000000000284217094e+01 1.435599874918600526996215e+01 4.514908667688523613570339e-01
 7.500000000000000000000000e+01 1.438216145524786959697394e+01 4.678630000870104277410633e-01
 7.504999999999999715782906e+01 1.439452759358537115019772e+01 3.637415638724333932785271e-02
 7.509999999999999431565811e+01 1.439579971430569216295225e+01 1.343470041101514078629720e-01
 7.515000000000000568434189e+01 1.441244338910876976456166e+01 4.837083973838027239899873e-01
 7.520000000000000284217094e+01 1.443717278710161622257147e+01 4.714187464855271181285445e-01
 7.525000000000000000000000e+01 1.446302933876172858163045e+01 6.216214889305333723967806e-01
 7.529999999999999715782906e+01 1.449944110577171230147542e+01 7.437773269303992185186303e-01
 7.534999999999999431565811e+01 1.452431227306632521845131e+01 1.566163978706541226593174e-01
 7.540000000000000568434189e+01 1.451775932748821418272200e+01 -3.031218862259075774723271e-01
 7.545000000000000284217094e+01 1.450432355817866891811718e+01 -1.927239343369423207885660e-01
 7.550000000000000000000000e+01 1.449875823175591804670148e+01 -3.513752567154430211937566e-02
 7.554999999999999715782906e+01 1.450191957034478207333450e+01 1.723069048139768411065376e-01
 7.559999999999999431565811e+01 1.451560056678918542161227e+01 3.482424097410189989254548e-01
 7.565000000000000568434189e+01 1.453207422384136826565282e+01 2.458603830077540630671962e-01
 7.570000000000000284217094e+01 1.453550676779098083102326e+01 -1.124309533918643189132069e-01
 7.575000000000000000000000e+01 1.452523344729071830272460e+01 -2.470552546787280201456838e-01
 7.579999999999999715782906e+01 1.451261333606694492459610e+01 -2.659953782153308687874471e-01
 7.584999999999999431565811e+01 1.450090897564622238746779e+01 -1.402153559175541852610536e-01
 7.590000000000000568434189e+01 1.450412844315514959703250e+01 2.694177983896912098593646e-01
 7.595000000000000284217094e+01 1.452229440968113216570146e+01 3.828657385461888829070176e-01
 7.600000000000000000000000e+01 1.453985033338439691874555e+01 3.448006965309221572013598e-01
 7.604999999999999715782906e+01 1.456036163408144723518944e+01 4.835345286509037388000820e-01
 7.609999999999999431565811e+01 1.458533150470865003001109e+01 4.616235890648646700284985e-01
 7.615000000000000568434189e+01 1.460255600881725968065439e+01 2.146371331367212254015442e-01
 7.620000000000000284217094e+01 1.460840587060815209952125e+01 4.359804932380153402737832e-02
 7.625000000000000000000000e+01 1.460913404495234324542707e+01 3.098284229950105158474249e-03
 7.629999999999999715782906e+01 1.461037224210280349723234e+01 4.882216457404159326571857e-02
 7.634999999999999431565811e+01 1.461315542330114780611439e+01 5.363277719186201192291819e-02
 7.640000000000000568434189e+01 1.461702670304583939753229e+01 1.221497901833648314084968e-01
 7.645000000000000284217094e+01 1.462505775770525495715901e+01 1.560919863197347545735738e-01
 7.650000000000000000000000e+01 1.462740063755929753597229e+01 -9.385606373797412971260457e-02
 7.654999999999999715782906e+01 1.461751269692214805218100e+01 -2.505219463644963728832238e-01
 7.659999999999999431565811e+01 1.460775483405383567969693e+01 -9.826921936595721385199198e-02
 7.665000000000000568434189e+01 1.461143750855639922292539e+01 2.750462853475330593511217e-01
 7.670000000000000284217094e+01 1.463532586606021901332042e+01 6.248376225687130025576721e-01
 7.675000000000000000000000e+01 1.466346870062771401421742e+01 3.856461753446215334761860e-01
 7.679999999999999715782906e+01 1.466974426796100772207865e+01 -9.010204533643514923646478e-02
 7.684999999999999431565811e+01 1.466247322392781526900762e+01 -1.382973843296541327507754e-01
 7.690000000000000568434189e+01 1.465914613262557253392515e+01 2.205035653710775769842378e-02
 7.695000000000000284217094e+01 1.466666773446671001579489e+01 2.837735028844884932475168e-01
 7.700000000000000000000000e+01 1.465969621654131671562027e+01 4.100282284969173907107631e-01
