#! FIELDS ext feext dfeext_ext
#! SET normalisation  1.000000000000000000000000e+00
#! SET min_ext 38
#! SET max_ext 49
#! SET nbins_ext  200
#! SET periodic_ext false
 3.800000000000000000000000e+01 1.518811940680528138614136e+01 -1.356390064353156788001797e-01
 3.805499999999999971578291e+01 1.658662415398330125526627e+01 -1.180304393118984274124728e+00
 3.810999999999999943156581e+01 1.652294111683584532102032e+01 -1.306082658775393978700663e+00
 3.816499999999999914734872e+01 1.643799688895545330069581e+01 -1.734398223129642646611615e+00
 3.821999999999999886313162e+01 1.633919756782396959238213e+01 -1.843347933317895481764026e+00
 3.827499999999999857891453e+01 1.622751529568966688543696e+01 -2.400366490222280546618094e+00
 3.832999999999999829469743e+01 1.602983213582064792035453e+01 -5.594916337340835710278952e+00
 3.838499999999999801048034e+01 1.545893356062876478063117e+01 -1.606868563048338316434638e+01
 3.843999999999999772626325e+01 1.437663559558295389706473e+01 -2.105910436119684803202290e+01
 3.849499999999999744204615e+01 1.326523414163390413023080e+01 -1.871384409322429931421539e+01
 3.854999999999999715782906e+01 1.224196947076963581935161e+01 -1.929321195778155839661849e+01
 3.860499999999999687361196e+01 1.111369993825312896262858e+01 -2.082713065333811996993063e+01
 3.865999999999999658939487e+01 1.006705898182554470565719e+01 -1.652795898577371858095830e+01
 3.871500000000000341060513e+01 9.309813996205607011802385e+00 -1.130019310902607365676431e+01
 3.877000000000000312638804e+01 8.708336471960642199974245e+00 -1.205630860832672723859105e+01
 3.882500000000000284217094e+01 6.788710078568600536641497e+00 -3.468476693131101740164013e+01
 3.888000000000000255795385e+01 5.022545178117215236568427e+00 -2.856291318679750901310399e+01
 3.893500000000000227373675e+01 3.633217951144783519623616e+00 -2.143392397331552601258409e+01
 3.899000000000000198951966e+01 2.602537223762181994857201e+00 -1.671307486070414682899354e+01
 3.904500000000000170530257e+01 1.735630017527205026794945e+00 -1.482971084751416235292254e+01
 3.910000000000000142108547e+01 1.017017393547526182828733e+00 -1.083579458604020295808823e+01
 3.915500000000000113686838e+01 5.576439931864136667627463e-01 -6.100740830363687194903832e+00
 3.921000000000000085265128e+01 2.965399575466118875510801e-01 -3.885557507696150381093503e+00
 3.926500000000000056843419e+01 1.027475548036829167131145e-01 -3.063078754563032024549329e+00
 3.932000000000000028421709e+01 0.000000000000000000000000e+00 -1.988317168927440647951954e-01
 3.937500000000000000000000e+01 1.194581608348226353655264e-01 4.659082756215497056473396e+00
 3.942999999999999971578291e+01 4.787897712745614597906751e-01 7.478771918428772202958044e+00
 3.948499999999999943156581e+01 7.819092320821070529746066e-01 2.534885134209962753715217e+00
 3.953999999999999914734872e+01 8.377024562688770714657949e-01 8.749671264419116578636704e-01
 3.959499999999999886313162e+01 9.354290955952020425456794e-01 2.283196159972819661021504e+00
 3.964999999999999857891453e+01 1.043478480267086894173190e+00 1.697368684725416798642073e+00
 3.970499999999999829469743e+01 1.178770957576295685953482e+00 3.712534773558362921619391e+00
 3.975999999999999801048034e+01 1.464562245894363456955034e+00 6.367431521798900817543654e+00
 3.981499999999999772626325e+01 1.838950848589867348437110e+00 6.816726122427450462737397e+00
 3.986999999999999744204615e+01 2.197356128270971709071091e+00 6.287545150765459389674561e+00
 3.992499999999999715782906e+01 2.543527246650313600184745e+00 6.199597340077242613176622e+00
 3.997999999999999687361196e+01 2.862427703627553832177455e+00 5.335378342815094043771751e+00
 4.003499999999999658939487e+01 3.169663011473013547458777e+00 6.184044072923093438021169e+00
 4.009000000000000341060513e+01 3.552436351108867462755825e+00 7.231329726147956549198170e+00
 4.014500000000000312638804e+01 3.871585164091592368151851e+00 3.641523457067036062539955e+00
 4.020000000000000284217094e+01 4.003250287834752008109263e+00 2.294680057144752982623004e+00
 4.025500000000000255795385e+01 4.220629523046101283512144e+00 5.809854752304958402930879e+00
 4.031000000000000227373675e+01 4.622365625048727721946307e+00 8.111286751296619357276541e+00
 4.036500000000000198951966e+01 5.016246576926936207030394e+00 5.485004745374671308866255e+00
 4.042000000000000170530257e+01 5.265195001027671573012867e+00 4.637448201798621383318277e+00
 4.047500000000000142108547e+01 5.624435287447105302760519e+00 8.640961590664881342149783e+00
 4.053000000000000113686838e+01 6.188427231115372961767207e+00 1.102564999434592785121367e+01
 4.058500000000000085265128e+01 6.721060592414509926584287e+00 7.328741643089282220557834e+00
 4.064000000000000056843419e+01 6.982158059899401081338510e+00 2.451257111975606139964157e+00
 4.069500000000000028421709e+01 7.053695380274512594098724e+00 2.274003888408461238057612e-01
 4.075000000000000000000000e+01 7.024154122761562035748284e+00 -1.088346305444360506697876e+00
 4.080499999999999971578291e+01 6.975908689287055430838791e+00 -2.583511024560093960467100e-01
 4.085999999999999943156581e+01 7.030997352032944291977401e+00 2.402262985252672233826843e+00
 4.091499999999999914734872e+01 7.232673120756238915873837e+00 4.628796114871263078782704e+00
 4.096999999999999886313162e+01 7.492925281945837845398728e+00 4.375493041939579441645947e+00
 4.102499999999999857891453e+01 7.684428687943274383087555e+00 2.542743093495408501780730e+00
 4.107999999999999829469743e+01 7.808778581052735923151431e+00 2.378235459996768330626082e+00
 4.113499999999999801048034e+01 7.977063122805085448874252e+00 3.587715835505069339461670e+00
 4.118999999999999772626325e+01 8.149462150657614145643493e+00 1.984094036531505844678236e+00
 4.124499999999999744204615e+01 8.159524387813036128136446e+00 -1.463324046648088794242426e+00
 4.129999999999999715782906e+01 8.037141748928284812336642e+00 -2.621007419177055819403677e+00
 4.135499999999999687361196e+01 7.891918186667981949256045e+00 -2.615105245214266904696387e+00
 4.140999999999999658939487e+01 7.757318547424016053071227e+00 -2.203101361283479775465821e+00
 4.146500000000000341060513e+01 7.659016172869609562212645e+00 -1.271532601117582705896325e+00
 4.152000000000000312638804e+01 7.631199243562140743790678e+00 3.654461772481355508190859e-01
 4.157500000000000284217094e+01 7.706813995120528559823470e+00 2.408786767239494253090015e+00
 4.163000000000000255795385e+01 7.896695068752777935117138e+00 4.439264152141186414723961e+00
 4.168500000000000227373675e+01 8.180101584925747459919876e+00 5.592511638803110862738777e+00
 4.174000000000000198951966e+01 8.476263513712625652374300e+00 4.819826418854218808007772e+00
 4.179500000000000170530257e+01 8.698376718960878051234431e+00 3.273551504706961434720824e+00
 4.185000000000000142108547e+01 8.855231949575145478092963e+00 2.557186532899619724190643e+00
 4.190500000000000113686838e+01 9.004943893336271543148541e+00 2.998741687676735878653744e+00
 4.196000000000000085265128e+01 9.177835842697268375900421e+00 2.943992087962743031681612e+00
 4.201500000000000056843419e+01 9.297700798943525413164934e+00 1.316723615932191560062847e+00
 4.207000000000000028421709e+01 9.335043761958365493569545e+00 1.699873884921293820671195e-01
 4.212500000000000000000000e+01 9.336052742378324609262563e+00 4.383760155581609141428601e-02
 4.217999999999999971578291e+01 9.352791039262744021698381e+00 5.042697954463876142128242e-01
 4.223499999999999943156581e+01 9.375090301567094996926244e+00 1.670094512755367355261171e-01
 4.228999999999999914734872e+01 9.376619452874344062820455e+00 7.854128682546487882909503e-02
 4.234499999999999886313162e+01 9.407753926214677875350390e+00 1.182610760162855711996599e+00
 4.239999999999999857891453e+01 9.506450788414955610505785e+00 2.226745385125154186312102e+00
 4.245499999999999829469743e+01 9.624936276815670765927280e+00 1.831153935535709820214834e+00
 4.250999999999999801048034e+01 9.702626769229912184755449e+00 1.101863322500938213721611e+00
 4.256499999999999772626325e+01 9.762774952073119294482240e+00 1.159663789097655772764028e+00
 4.261999999999999744204615e+01 9.843838637572362770811196e+00 1.951490136074919945485817e+00
 4.267499999999999715782906e+01 9.998538934977325709496654e+00 3.726678211534056650577895e+00
 4.273000000000000397903932e+01 1.023691124267124408220297e+01 4.566468583665501235202555e+00
 4.278499999999999658939487e+01 1.046690379198814113692606e+01 3.674645863164625048113976e+00
 4.284000000000000341060513e+01 1.065938334605297477253316e+01 3.537555079091757814779839e+00
 4.289500000000000312638804e+01 1.086990027698824690105539e+01 4.009007257944285917972138e+00
 4.295000000000000284217094e+01 1.108919509218562637897776e+01 3.840365105419634605965484e+00
 4.300500000000000255795385e+01 1.129926402200170798550971e+01 3.907375582686413384436719e+00
 4.306000000000000227373675e+01 1.153595451782554803799030e+01 4.709245537091641509164219e+00
 4.311500000000000198951966e+01 1.180297193640910080603135e+01 4.612418278729307985486230e+00
 4.317000000000000170530257e+01 1.201286388768257396009176e+01 2.980433353259247741817717e+00
 4.322500000000000142108547e+01 1.216661415427054038218557e+01 2.953336567338980866992415e+00
 4.328000000000000113686838e+01 1.235842717182124417263367e+01 3.959710943097127344714181e+00
 4.333500000000000085265128e+01 1.259659809600042557065080e+01 4.621775357864165378884991e+00
 4.339000000000000056843419e+01 1.286021262573291679132126e+01 4.730426088763253211766369e+00
 4.344500000000000028421709e+01 1.307729089918839804340678e+01 2.714240093994520375275670e+00
 4.350000000000000000000000e+01 1.315081145840410847824842e+01 1.660978239397430389345800e-01
 4.355499999999999971578291e+01 1.313545635504058672893279e+01 -4.853957839296978438170527e-01
 4.360999999999999943156581e+01 1.310524280199206259567291e+01 -7.402468445584508005552493e-01
 4.366499999999999914734872e+01 1.304118539866235515489734e+01 -1.602386488645408224584799e+00
 4.371999999999999886313162e+01 1.294698720744239572866263e+01 -1.579213776345375963572337e+00
 4.377499999999999857891453e+01 1.288609180704803236494627e+01 -6.371674121907960897104317e-01
 4.382999999999999829469743e+01 1.286699725473382294183011e+01 -1.153196188593797605337343e-01
 4.388499999999999801048034e+01 1.288472167629469211647120e+01 9.440075462013934881611021e-01
 4.393999999999999772626325e+01 1.298281146417779119417446e+01 2.582800109049117942561224e+00
 4.399499999999999744204615e+01 1.315493762519494325147207e+01 3.517664363587970299818153e+00
 4.404999999999999715782906e+01 1.336054635872806350960218e+01 3.849250926253229287965496e+00
 4.410500000000000397903932e+01 1.355907673478034425329497e+01 3.083381075728235831689972e+00
 4.415999999999999658939487e+01 1.368742017573487856907377e+01 1.669715408040159942970604e+00
 4.421500000000000341060513e+01 1.376975879446055550658912e+01 1.458699697218855062530452e+00
 4.427000000000000312638804e+01 1.384867748574173162978695e+01 1.274781177093400108546462e+00
 4.432500000000000284217094e+01 1.390568999538637484647552e+01 8.248019409391047496171723e-01
 4.438000000000000255795385e+01 1.394840896519781203721777e+01 7.731411043763550816620977e-01
 4.443500000000000227373675e+01 1.399574129940581812547862e+01 9.647744346453923647288775e-01
 4.449000000000000198951966e+01 1.405717597053244816152073e+01 1.243258068598469101573301e+00
 4.454500000000000170530257e+01 1.412743467508346206784609e+01 1.217856591123750220617694e+00
 4.460000000000000142108547e+01 1.418381480626789858945358e+01 7.732379868546713774790646e-01
 4.465500000000000113686838e+01 1.421559212375567682329347e+01 4.603448239569580824337436e-01
 4.471000000000000085265128e+01 1.424695266933277437715333e+01 7.281986358015883897820686e-01
 4.476500000000000056843419e+01 1.429195338636660039810522e+01 7.650008906757322924008236e-01
 4.482000000000000028421709e+01 1.431882485266527105238765e+01 1.851556768647562856155986e-01
 4.487500000000000000000000e+01 1.432344590736110667705816e+01 9.967938436759210540927256e-02
 4.492999999999999971578291e+01 1.433675647920089701869983e+01 3.525076391291788180382127e-01
 4.498499999999999943156581e+01 1.435890434303832918772059e+01 4.314167076543439782732037e-01
 4.503999999999999914734872e+01 1.438569616646594973019546e+01 5.298061078584982430683681e-01
 4.509499999999999886313162e+01 1.441525268220656208484343e+01 5.219038601321057679882642e-01
 4.514999999999999857891453e+01 1.444653471976780423347009e+01 6.543293273900497863948544e-01
 4.520499999999999829469743e+01 1.449159360407469065989972e+01 9.808054888428314743720193e-01
 4.525999999999999801048034e+01 1.455303724085341521288228e+01 1.204241261686427755250861e+00
 4.531499999999999772626325e+01 1.462079516217479557838033e+01 1.222786428399660563215434e+00
 4.536999999999999744204615e+01 1.468860295589438180741126e+01 1.257009266212469666967877e+00
 4.542499999999999715782906e+01 1.476237694095125263515911e+01 1.402809067223808714430788e+00
 4.548000000000000397903932e+01 1.483718458686734287255149e+01 1.201162163891763556833325e+00
 4.553499999999999658939487e+01 1.488575462247284875161313e+01 5.238662385287604639216852e-01
 4.559000000000000341060513e+01 1.490174013175302292211200e+01 1.699414394435212471989871e-01
 4.564500000000000312638804e+01 1.492214945186739782911900e+01 7.022869633187259763573707e-01
 4.570000000000000284217094e+01 1.498713224568758306531890e+01 1.599813690860504289403821e+00
 4.575500000000000255795385e+01 1.507997492813530371336128e+01 1.524695384268851316988957e+00
 4.581000000000000227373675e+01 1.513803173348614805604484e+01 5.704826046996044341952370e-01
 4.586500000000000198951966e+01 1.515496266976657935288131e+01 1.449367060561792541761861e-01
 4.592000000000000170530257e+01 1.516093440422012506019200e+01 6.860560710486376945205222e-02
 4.597500000000000142108547e+01 1.516424393685582927560063e+01 6.810937491122459608305917e-02
 4.603000000000000113686838e+01 1.517526622794570201335773e+01 4.013607366253756913998529e-01
 4.608500000000000085265128e+01 1.521528437947764444970744e+01 1.030225036337876209913134e+00
 4.614000000000000056843419e+01 1.527638859048495589831873e+01 1.007209738923835473656254e+00
 4.619500000000000028421709e+01 1.531587603396182295512062e+01 4.375859918627065248131203e-01
 4.625000000000000000000000e+01 1.533084153950334282967560e+01 9.882833327356167762989259e-02
 4.630499999999999971578291e+01 1.532507217853077285951713e+01 -2.969985528651425399360164e-01
 4.635999999999999943156581e+01 1.530958298306419962386826e+01 -1.608868144602022820510712e-01
 4.641499999999999914734872e+01 1.531243350271993719502461e+01 2.157595941589034171936845e-01
 4.646999999999999886313162e+01 1.532798894078826634768120e+01 3.224740433165586006580838e-01
 4.652499999999999857891453e+01 1.534949079055623855083468e+01 4.473044407329829774688790e-01
 4.657999999999999829469743e+01 1.537358770925201412183014e+01 3.817489014009405878802283e-01
 4.663499999999999801048034e+01 1.539255091114919338224354e+01 3.330645618771061466922845e-01
 4.668999999999999772626325e+01 1.541081410700164866511841e+01 2.636691387233104366671910e-01
 4.674499999999999744204615e+01 1.541608309241913410403413e+01 -7.976347908846255496673194e-02
 4.679999999999999715782906e+01 1.541027938424672072414978e+01 -5.079805224651653960954434e-02
 4.685500000000000397903932e+01 1.541560795357295177154811e+01 2.068382154385833837650921e-01
 4.690999999999999658939487e+01 1.542629841099399357062794e+01 1.199527570002649895508640e-01
 4.696500000000000341060513e+01 1.543075891620150486005514e+01 9.514465087079522487290006e-02
 4.701999999999999602096068e+01 1.544273946688154097728329e+01 3.408040046483262752730070e-01
 4.707500000000000284217094e+01 1.546600545641393864571000e+01 4.444562730512910397884241e-01
 4.713000000000000255795385e+01 1.548764555911201590276960e+01 3.321751528786541229898432e-01
 4.718500000000000227373675e+01 1.550850653503563769675111e+01 4.791365111412146937652778e-01
 4.724000000000000198951966e+01 1.554156066154261850442708e+01 6.524226920428477516367138e-01
 4.729500000000000170530257e+01 1.557185987991784514861138e+01 3.628530492324816281168864e-01
 4.735000000000000142108547e+01 1.557867492244933416145614e+01 -8.910196007821126473746887e-02
 4.740500000000000113686838e+01 1.557298576677895951547725e+01 -3.908807295816265486854135e-02
 4.746000000000000085265128e+01 1.557351530921849480648689e+01 -5.165539020122334595841451e-02
 4.751500000000000056843419e+01 1.556324470601965970217861e+01 -2.290971591853180611142449e-01
 4.757000000000000028421709e+01 1.556821741416100124411059e+01 5.281009191111968315013314e-01
 4.762500000000000000000000e+01 1.561804062207748522439488e+01 1.092300216627350994968992e+00
 4.767999999999999971578291e+01 1.566566732280465856774754e+01 4.867259765934265902664890e-01
 4.773499999999999943156581e+01 1.567220294834241123282936e+01 -1.452470290723214541017683e-01
 4.778999999999999914734872e+01 1.566513876620129863681541e+01 -2.524954135125520582327852e-02
 4.784499999999999886313162e+01 1.567426580442996453257365e+01 3.356733974261021380414149e-01
 4.789999999999999857891453e+01 1.569839665003799922260441e+01 4.754247373716913305230491e-01
 4.795499999999999829469743e+01 1.572019827662659885447738e+01 2.615632945012603127743489e-01
 4.800999999999999801048034e+01 1.572857674720989429317797e+01 9.132945399440497991072618e-02
 4.806499999999999772626325e+01 1.573861395331835488775596e+01 3.098568795840965783838783e-01
 4.811999999999999744204615e+01 1.576583649998991809582094e+01 6.812403545817257155547964e-01
 4.817499999999999715782906e+01 1.581019598204616549708135e+01 8.021000487080305330067631e-01
 4.823000000000000397903932e+01 1.583670444722931591741144e+01 4.039521221311582338531210e-02
 4.828499999999999658939487e+01 1.582162295948223373898145e+01 -3.926677805475293214776400e-01
 4.834000000000000341060513e+01 1.581962138234980486117820e+01 4.728667099803308127015100e-01
 4.839499999999999602096068e+01 1.587455494628152052882797e+01 1.353082212978937270975166e+00
 4.845000000000000284217094e+01 1.594435421443959377540978e+01 9.982511057674767762648571e-01
 4.850500000000000255795385e+01 1.597881600153231218541805e+01 2.721568518938909941873305e-01
 4.856000000000000227373675e+01 1.598127978889193379075095e+01 -1.175505008413374602449508e-01
 4.861500000000000198951966e+01 1.597611768191151071505374e+01 -7.563651201492117490121636e-03
 4.867000000000000170530257e+01 1.598677725981636754681858e+01 4.118928345733617324420095e-01
 4.872500000000000142108547e+01 1.601940623221985759982999e+01 6.782537487647539720114764e-01
 4.878000000000000113686838e+01 1.605021757977058527444569e+01 3.599845288500033713141590e-01
 4.883500000000000085265128e+01 1.606128790669716366323883e+01 1.265941000010339378967217e-01
 4.889000000000000056843419e+01 1.607373458715719038991665e+01 3.202358399992054072136227e-01
 4.894500000000000028421709e+01 1.608810589410462554837977e+01 9.358045024805933254086199e-02
 4.900000000000000000000000e+01 1.604904208794515341196529e+01 -1.638981800709470859622741e-01
