#! FIELDS cmap fecmap dfecmap_cmap
#! SET normalisation  1.000000000000000000000000e+00
#! SET min_cmap 0.0
#! SET max_cmap 1
#! SET nbins_cmap  100
#! SET periodic_cmap false
 0.000000000000000000000000e+00 1.366076628132065984289056e+01 -2.325879883408370929487319e+00
 1.000000000000000020816682e-02 1.365225463733324495763100e+01 5.780190129408411259248624e-01
 2.000000000000000041633363e-02 1.367123353093256632462271e+01 3.155685390864412021016960e+00
 2.999999999999999888977698e-02 1.371389546318137142577598e+01 5.295743349013061873620245e+00
 4.000000000000000083266727e-02 1.377526827326486547065088e+01 6.877703514092514680555723e+00
 5.000000000000000277555756e-02 1.384896345910416926017206e+01 7.768730599573615336339572e+00
 5.999999999999999777955395e-02 1.392790980463710148740120e+01 7.912744066086555783101630e+00
 7.000000000000000666133815e-02 1.400468314012447734739908e+01 7.325256579362167563829189e+00
 8.000000000000000166533454e-02 1.407218636030795799740645e+01 6.074211669181368122849562e+00
 8.999999999999999666933093e-02 1.412418541038787012098510e+01 4.234007509731485541237817e+00
 1.000000000000000055511151e-01 1.415475716853970844510968e+01 1.798037569880118979881445e+00
 1.100000000000000005551115e-01 1.415793052610427693593920e+01 -1.252426120212688731569983e+00
 1.199999999999999955591079e-01 1.412801088098713719887201e+01 -4.779018348459000975481104e+00
 1.300000000000000044408921e-01 1.406232747126589899266946e+01 -8.294732654718838915641754e+00
 1.400000000000000133226763e-01 1.396370594403027354246660e+01 -1.114522683701917848964058e+01
 1.499999999999999944488849e-01 1.384308647228120925376516e+01 -1.272776074836909110388206e+01
 1.600000000000000033306691e-01 1.371290178969631234906501e+01 -1.305590121849805385068066e+01
 1.700000000000000122124533e-01 1.358494130316209691500262e+01 -1.230777839466537848522876e+01
 1.799999999999999933386619e-01 1.346441275360570699604068e+01 -1.122043739267504136591924e+01
 1.900000000000000022204460e-01 1.335882328600571433696587e+01 -9.912458775310833303251457e+00
 2.000000000000000111022302e-01 1.326467542544335387333376e+01 -9.010150692683946971328623e+00
 2.099999999999999922284388e-01 1.317367852618270163134184e+01 -9.118562804473166139018758e+00
 2.200000000000000011102230e-01 1.307735515862787956109514e+01 -1.034512423654427770713937e+01
 2.300000000000000099920072e-01 1.296243155124230028718557e+01 -1.267119050699893634259752e+01
 2.399999999999999911182158e-01 1.281886633113229301272895e+01 -1.555561062762511248536157e+01
 2.500000000000000000000000e-01 1.265040888766980131663331e+01 -1.783136437753538316997037e+01
 2.600000000000000088817842e-01 1.245005462840970267279772e+01 -1.993316470093671100016763e+01
 2.700000000000000177635684e-01 1.224671463183041808520102e+01 -2.055865596711349851943851e+01
 2.800000000000000266453526e-01 1.203899334757216266211799e+01 -2.069833859426166711159567e+01
 2.899999999999999800159856e-01 1.182984339263909667749886e+01 -2.075183035615907911619615e+01
 2.999999999999999888977698e-01 1.162220658115475302452069e+01 -2.078000917727866436734985e+01
 3.099999999999999977795540e-01 1.141386967420165632347562e+01 -2.088967980064692397945691e+01
 3.200000000000000066613381e-01 1.120330091559115359700627e+01 -2.101390578616277693413394e+01
 3.300000000000000155431223e-01 1.099364468846102127486120e+01 -2.083144125624977149868755e+01
 3.400000000000000244249065e-01 1.078797778192411982445265e+01 -2.021135734951578299956054e+01
 3.500000000000000333066907e-01 1.059066777504525624920007e+01 -1.912196532333679499515711e+01
 3.599999999999999866773237e-01 1.040675458938277131437644e+01 -1.758857580415748955715571e+01
 3.699999999999999955591079e-01 1.023970048097438834133754e+01 -1.574738355945730283735884e+01
 3.800000000000000044408921e-01 1.009097187675630813430416e+01 -1.381228464797227140081759e+01
 3.900000000000000133226763e-01 9.962659128925416496258549e+00 -1.183917111488695717014252e+01
 4.000000000000000222044605e-01 9.852386367471492434333413e+00 -1.011270981017687908831704e+01
 4.100000000000000310862447e-01 9.758608575587071953805207e+00 -8.718597175058407700021235e+00
 4.199999999999999844568777e-01 9.676065614575412254794173e+00 -7.897445686359185756941770e+00
 4.299999999999999933386619e-01 9.598165798356806277524811e+00 -7.813004351126323854259681e+00
 4.400000000000000022204460e-01 9.516937495966974580596798e+00 -8.527622260233416184860289e+00
 4.500000000000000111022302e-01 9.425437246623221909658241e+00 -9.838045206058408709282048e+00
 4.600000000000000199840144e-01 9.316348092918207868251557e+00 -1.156214726915351675984311e+01
 4.700000000000000288657986e-01 9.193168370308953285530151e+00 -1.293123137818520618225193e+01
 4.799999999999999822364316e-01 9.056582153890364139670055e+00 -1.389023184157933066273927e+01
 4.899999999999999911182158e-01 8.915742656806685317860683e+00 -1.414578361582085541670040e+01
 5.000000000000000000000000e-01 8.772569433759548118700877e+00 -1.413215267653884943399589e+01
 5.100000000000000088817842e-01 8.627743621719353939170105e+00 -1.426323154162301776182176e+01
 5.200000000000000177635684e-01 6.482470422291402911696423e+00 -5.687017646442400575779175e+01
 5.300000000000000266453526e-01 5.797688258522526894012117e+00 -5.464573010852937073877911e+01
 5.400000000000000355271368e-01 5.266133731438602971763885e+00 -5.126479022116986072887812e+01
 5.500000000000000444089210e-01 4.699656211847910824985775e+00 -4.888320088245584571495783e+01
 5.600000000000000532907052e-01 4.227827645552590496436096e+00 -4.543689198574514875872410e+01
 5.700000000000000621724894e-01 3.790515432625736202965072e+00 -4.198832502878303074567157e+01
 5.799999999999999600319711e-01 3.387838980256561605131083e+00 -3.854988345515988612532965e+01
 5.899999999999999689137553e-01 3.019395885050691674678092e+00 -3.513550200260594635892630e+01
 5.999999999999999777955395e-01 2.684195386955128270756177e+00 -3.178217534140798150588125e+01
 6.099999999999999866773237e-01 2.383116665875807171914857e+00 -2.843907621550422248901668e+01
 6.199999999999999955591079e-01 2.114943843856723404428521e+00 -2.515091647598390167672733e+01
 6.300000000000000044408921e-01 1.879441609219755449089462e+00 -2.191425420106720522994692e+01
 6.400000000000000133226763e-01 1.676295214606495775910844e+00 -1.872420233557696533921444e+01
 6.500000000000000222044605e-01 1.504572601954166088944476e+00 -1.561507702139597952850636e+01
 6.600000000000000310862447e-01 1.363393185532082441113744e+00 -1.261518779637233578228006e+01
 6.700000000000000399680289e-01 1.251625107987342389037622e+00 -9.760244264740020270210152e+00
 6.800000000000000488498131e-01 1.167303420542596725795192e+00 -7.131933549092798863000553e+00
 6.900000000000000577315973e-01 1.107442825127742835888967e+00 -4.859384530042854422049459e+00
 7.000000000000000666133815e-01 1.067999046017256148388697e+00 -3.090502494613942108259153e+00
 7.099999999999999644728632e-01 1.042994957188930982283637e+00 -2.021100807255706843790222e+00
 7.199999999999999733546474e-01 1.023927137313979329746871e+00 -1.884426118581636222515385e+00
 7.299999999999999822364316e-01 1.001495009669868707646856e+00 -2.735150076314876166350132e+00
 7.399999999999999911182158e-01 9.662182543189210548462142e-01 -4.427957021226768041799460e+00
 7.500000000000000000000000e-01 9.114231230968847796702903e-01 -6.554709545047678886930953e+00
 7.600000000000000088817842e-01 8.353596308318618213206719e-01 -8.591252577353863273401657e+00
 7.700000000000000177635684e-01 7.411852882632672390172957e-01 -1.013096977814828747455067e+01
 7.800000000000000266453526e-01 6.349440315420462610518371e-01 -1.100330489607322448364357e+01
 7.900000000000000355271368e-01 5.232985348819703119715996e-01 -1.122306428865622862645068e+01
 8.000000000000000444089210e-01 4.123738814805903984961333e-01 -1.087470708338135416681780e+01
 8.100000000000000532907052e-01 3.073946079768781203256367e-01 -1.004786388873340818861379e+01
 8.200000000000000621724894e-01 2.127550072557600202571848e-01 -8.818750436079527688093549e+00
 8.300000000000000710542736e-01 1.320649501370301237557214e-01 -7.263604518943165722077993e+00
 8.399999999999999689137553e-01 6.839681097649830121554260e-02 -5.432568698346098123863612e+00
 8.499999999999999777955395e-01 2.411404150965701376208017e-02 -3.395340381201972679292567e+00
 8.599999999999999866773237e-01 9.927584753697260566696059e-04 -1.221393933311570645372512e+00
 8.699999999999999955591079e-01 0.000000000000000000000000e+00 1.027713418558053426465904e+00
 8.800000000000000044408921e-01 2.150314247778339904471068e-02 3.262611570767139479443131e+00
 8.900000000000000133226763e-01 6.485547928237522796734993e-02 5.377008281214376239631747e+00
 9.000000000000000222044605e-01 1.281580331105498515853469e-01 7.223830486771214864916146e+00
 9.100000000000000310862447e-01 2.077969900964315996816367e-01 8.601667643645683369868493e+00
 9.200000000000000399680289e-01 2.978650577725368009396334e-01 9.273831796298416918489238e+00
 9.300000000000000488498131e-01 3.902386214802984198968261e-01 9.034406291273290534604712e+00
 9.400000000000000577315973e-01 4.755897574056184851087892e-01 7.888096927469436359103838e+00
 9.500000000000000666133815e-01 5.463087525194545435169857e-01 6.218302064601561873757873e+00
 9.599999999999999644728632e-01 6.004923920012714688709821e-01 4.696954489069532279188479e+00
 9.699999999999999733546474e-01 6.430716297109420054312068e-01 3.967205918959076260676966e+00
 9.799999999999999822364316e-01 6.836903026539875583011963e-01 4.334941923623111037500166e+00
 9.899999999999999911182158e-01 7.333025147596963222440536e-01 5.729974501218729088236614e+00
 1.000000000000000000000000e+00 8.012188680806708873660682e-01 7.912510052983888542144086e+00
