2.481169068194103211e+00
2.400455150159613193e+00
2.115222397506238305e+00
2.297176958073361419e+00
2.115821043713765448e+00
1.800309298611085129e+00
1.523252452602122720e+00
8.234100806194266653e-01
4.528917765455733324e-01
6.135523863982401682e-01
5.394855027943603609e-01
3.740896297738204868e-01
4.031363188273832665e-01
4.450185060145296911e-01
4.299702564002654825e-01
5.683255810719984868e-01
5.619244619420652453e-01
5.003180468766793565e-01
6.830113757953503173e-01
6.120766111140397703e-01
7.816302190490382884e-01
7.095246131462535910e-01
6.991733057815426866e-01
7.885131292261354785e-01
7.196778522591028571e-01
