1.769831005541411484e+00
1.599145182636356299e+00
9.084159468726386022e-01
5.185835845887190043e-01
5.172033927621584315e-01
5.181135017889187955e-01
5.814638086620496082e-01
6.747160237208720268e-01
6.132262868740382400e-01
6.334683390302743300e-01
7.246445835093745513e-01
7.994666332951974042e-01
8.154627388021459256e-01
8.189569303468867689e-01
8.253295393887168929e-01
8.488999407839097344e-01
8.565989697129600122e-01
8.535680206060269892e-01
8.486164787979795232e-01
8.491867807241767485e-01
