2.673448426746108386e-01
3.511834822997740857e-01
1.131504547371030567e+00
3.207782353171939049e-01
5.750901976296219908e-01
3.052367236720047727e-01
3.202598803560420815e-01
3.449274454420170333e-01
3.804293784139761159e-01
3.203062717704674989e-01
2.867807068309843888e-01
2.977140369632964578e-01
2.830355073445917635e-01
2.993531103157647255e-01
3.571024547629369494e-01
3.579574041604043910e-01
3.879326919853812727e-01
3.725090599155364557e-01
3.002845722298276843e-01
2.245119189073716270e-01
3.293317609369455501e-01
2.775078923548660037e-01
2.597572360293366467e-01
4.144750879928273957e-01
4.651928190940554653e-01
