2.119543380895952955e-01
3.633519757860996235e-01
2.102082290292783540e-01
3.510898244960725667e-01
4.166152337531740524e-01
3.139795637943055828e-01
2.321094211331302670e-01
1.886817869176495299e-01
2.772953342802874643e-01
2.813893177409579893e-01
3.634787769634140742e-01
3.081224569420419890e-01
3.108076838712564016e-01
3.191007519841007056e-01
3.830871653568183044e-01
3.995180332313712501e-01
4.511744773472935455e-01
4.704171922294113073e-01
5.072030450683973068e-01
5.548527546513140063e-01
