7.937244027015083470e-01
4.058523241263199410e-01
4.421685548290293921e-01
7.792722173088535431e-01
4.972858997725125296e-01
3.556757235697299846e-01
2.230397243704948795e-01
2.872381462225206405e-01
2.674707060077430865e-01
2.231816780076852358e-01
3.221322464980169720e-01
2.040664311337454795e-01
2.865591090951303821e-01
2.973590839431091148e-01
4.052800073423790117e-01
3.665203931406774696e-01
4.342954369225390243e-01
3.915267369197975578e-01
4.660530320167306506e-01
4.857337093754624524e-01
4.670480937982042224e-01
5.445698984209752513e-01
5.663926960005912781e-01
6.408828031869946429e-01
5.476622463381231043e-01
