5.617525965520076880e+00
2.283100624317978333e+00
2.559149204399541855e+00
1.708895056384013733e+00
1.726886622861381282e+00
1.605830205659919852e+00
2.076661039792328800e-01
5.665440126888937611e-01
6.354382506235120021e-01
6.992620362227914832e-01
6.702664375822559029e-01
7.717307545060805296e-01
7.887563455179674721e-01
8.377751744937550482e-01
8.559281066115321801e-01
8.416590010077286133e-01
8.092035136037531995e-01
8.370832821452480754e-01
8.419262777087233030e-01
8.349895854213690294e-01
8.418652409683612392e-01
8.181659692460571121e-01
8.344044743443157497e-01
8.428145242662400394e-01
8.544580123874535582e-01
