5.538710841345466651e-01
5.239488833067291740e-01
3.224123811121807348e-01
4.115936390846186010e-01
8.538040678294016583e-01
5.575987106787241299e-01
5.263741407975270903e-01
5.054941280326347153e-01
4.003235048789647310e-01
4.980599599508981346e-01
5.269386142620866575e-01
4.902510010077154035e-01
6.628892418151184351e-01
5.689927041336600988e-01
7.061572077282534110e-01
7.735566493592347381e-01
8.475527274431390312e-01
8.785776563473330913e-01
8.402878241638527257e-01
8.387870824420692317e-01
