1.538404747558434593e+00
1.252896452173200892e+00
1.176370497029239459e+00
1.057734093727439761e+00
2.540157504610160988e-01
3.555485951686040980e-01
2.568148625791976114e-01
3.633469942139828102e-01
4.044875778988444304e-01
3.752626878142490408e-01
3.540207131665499274e-01
4.352195062081344878e-01
3.816885904041272259e-01
4.456655880829446525e-01
4.355162394420803995e-01
4.271102441851627463e-01
4.461549223679798781e-01
4.659736086566396707e-01
5.290748283009732988e-01
4.606218669840514979e-01
