2.941998799690082045e-01
5.881917833502785520e-01
2.091476366615736548e-01
3.875385647315705007e-01
3.116166616985309168e-01
2.794433628610095144e-01
3.175107232855627903e-01
2.224920423813781523e-01
2.436039043515028646e-01
2.601013969837363549e-01
2.346119997025525594e-01
2.684550249689755530e-01
2.446492845175909647e-01
2.867800235550136412e-01
2.895592706072243616e-01
2.432801871272673444e-01
2.346760141086391416e-01
2.428227281038740915e-01
2.448881429170362833e-01
1.974845488907558122e-01
