4.011261525657532911e-01
1.233056002382146854e+00
1.583516661272952541e+00
1.717650540868449482e+00
1.033967594378969679e+00
7.500478153135908821e-01
5.147413962111330177e-01
3.169996557709249263e-01
5.035951832313120269e-01
4.982067008237544559e-01
4.424797228575372832e-01
5.341314221363804293e-01
5.370200848753685641e-01
6.007020514535804656e-01
6.213084958522425705e-01
6.114974984542134173e-01
6.630496008193724755e-01
6.884021031665641388e-01
6.957409160288071659e-01
6.963701345077401017e-01
