2.017962528611286999e+00
1.677321990204986013e-01
2.797006514441232605e-01
2.914634393811230129e-01
4.813147008616175393e-01
2.891508687442601588e-01
2.626517155880059851e-01
3.453160231527787616e-01
5.183704172388184928e-01
5.552264955885906073e-01
6.023794398636446168e-01
5.286831015498143493e-01
5.610009830065795233e-01
6.466683853018686534e-01
3.701332879558126288e-01
5.759950692491359048e-01
5.593454848433938587e-01
7.661889517521337511e-01
7.933921811464282881e-01
8.422148606619527245e-01
8.553244719566217569e-01
8.863777267910455393e-01
9.092498500675801898e-01
1.016678172209253272e+00
9.598409979619997312e-01
