3.501440986043556247e+00
3.209436833836969427e+00
1.426671740597082128e+00
8.209682346715412304e-01
1.882884111916558911e+00
6.428487815862258259e-01
5.158125063780449882e-01
5.557390923974825370e-01
4.753882515283145427e-01
7.478210696883383912e-01
5.779576045423547859e-01
7.050773790743720681e-01
6.759537744299841666e-01
6.854769343133106929e-01
7.162547810704380513e-01
7.951787630538246221e-01
7.229281075521616362e-01
7.297729517929053555e-01
7.630956018879534453e-01
7.983374647156683546e-01
7.276852942944367353e-01
7.672661839475394263e-01
7.978047546855777661e-01
7.764521052458338568e-01
7.960689269076246521e-01
