2.780504444787335938e+00
2.363779145630849232e+00
2.386758940937496298e+00
2.777388269886523986e+00
3.057274172796350165e+00
4.862957157397803654e-01
4.769419345558758017e-01
7.855619158133581026e-01
5.636746548007774971e-01
4.570091379846540347e-01
5.141956123826608716e-01
4.821492079882629400e-01
5.000734367025052585e-01
5.136808700420244511e-01
4.658783152971259223e-01
4.694941924862687244e-01
5.192997222950526126e-01
5.427845765499103026e-01
5.509530769810333517e-01
5.680643733200433365e-01
5.950663099110351517e-01
5.504053180126645684e-01
5.907599166730057583e-01
5.408948906330588446e-01
5.095746966243117626e-01
