1.299930629595049458e+00
6.059177529792294514e-01
7.997768618668891216e-01
4.068537971650502127e-01
5.348430286802927647e-01
5.140488237779714531e-01
7.157885068951119756e-01
6.883348716554392732e-01
6.251480240835339819e-01
6.861399679528958906e-01
6.376520060494184072e-01
6.576859929637601798e-01
6.665426719345363127e-01
7.354759686531268104e-01
7.548714976780785957e-01
7.604265522554027878e-01
7.666366619491922219e-01
7.766602766074145459e-01
7.753290734950037955e-01
7.674637680965671338e-01
