UNITS LENGTH=A TIME=fs ENERGY=kcal/mol
WHOLEMOLECULES ENTITY0=29356-32236 # Vinc 29356 to 32236

#---(1)---Define-groups---
#---A1---
A1g: GROUP ATOMS=5,17,32,44,59,73,87,97,116,132,143,155,169,176,187,194,213,229,251,261,268,288,298,305,317,329,341,353,377,387,403,425,437,448,467,483,490,516,528,552,569,586,593,609,626,642,649,666,673,690,712,724,735,756,772,779,791,806,816,833,844,866,890,897,916,935,949,968,990,1013,1025,1044,1059,1080,1087,1106,1125,1139,1153,1177,1189,1201,1218,1233,1255,1274,1298,1315,1332,1346,1366,1387,1401,1416,1435,1459,1475,1487,1499,1514,1529,1548,1560,1574,1593,1612,1626,1641,1653,1665,1684,1700,1712,1734,1744,1758,1782,1797,1819,1836,1850,1867,1886,1903,1923,1938,1952,1972,1986,2004,2016,2026,2043,2064,2080,2090,2109,2126,2136,2152,2171,2182,2201,2222,2232,2243,2250,2274,2288,2302,2309,2328,2344,2363,2375,2386,2393,2405,2412,2428,2442,2459,2473,2491,2503,2522,2543,2558,2565,2586,2596,2617,2629,2646,2656,2675,2692,2716,2735,2747,2766,2776,2783,2807,2819,2838,2852,2864,2885,2904,2921,2943,2962,2981,2995,3010,3034,3041,3062,3073,3093,3109,3123,3137,3147,3162,3186,3201,3220,3236,3260,3272,3291,3313,3328,3350,3369,3380,3401,3417,3427,3446,3458,3478,3493,3507,3522,3539,3549,3563,3573,3583,3594,3605,3616,3627,3646,3661,3683,3694,3715,3730,3751,3763,3775,3782,3799,3815,3834,3848,3867,3874,3888,3903,3927,3947,3971,3984,3996,4011,4025,4044,4064,4083,4095,4106,4126,4145,4152,4169,4184,4195,4205,4212,4231,4248,4263,4277,4291,4312,4326,4337,4356,4373,4395,4406,4418,4437,4449,4468,4492,4514,4526,4545,4566,4576,4590,4604,4620,4637,4648,4655,4662,4676,4690,4707,4730,4742,4749,4768,4778,4790,4814,4831,4848,4870,4885,4904,4918,4928,4947,4959,4971,4982,4996,5013,5035,5054,5076,5095,5114,5126,5140,5152,5167,5191,5213,5234,5245,5261,5285,5304,5311,5318,5329,5348,5367,5377,5388,5407,5418,5432,5452,5469,5486,5503,5527,5546,5560,5582,5599,5614,5635,5647,5662,5672,5681,5693,5704,5723,5739,5756,5780,5802,5813

#---A2---
A2g: GROUP ATOMS=5876,5888,5903,5915,5930,5944,5958,5968,5987,6003,6014,6026,6040,6047,6058,6065,6084,6100,6122,6132,6139,6159,6169,6176,6188,6200,6212,6224,6248,6258,6274,6296,6308,6319,6338,6354,6361,6387,6399,6423,6440,6457,6464,6480,6497,6513,6520,6537,6544,6561,6583,6595,6606,6627,6643,6650,6662,6677,6687,6704,6715,6737,6761,6768,6787,6806,6820,6839,6861,6884,6896,6915,6930,6951,6958,6977,6996,7010,7024,7048,7060,7072,7089,7104,7126,7145,7169,7186,7203,7217,7237,7258,7272,7287,7306,7330,7346,7358,7370,7385,7400,7419,7431,7445,7464,7483,7497,7512,7524,7536,7555,7571,7583,7605,7615,7629,7653,7668,7690,7707,7721,7738,7757,7774,7794,7809,7823,7843,7857,7875,7887,7897,7914,7935,7951,7961,7980,7997,8007,8023,8042,8053,8072,8093,8103,8114,8121,8145,8159,8173,8180,8199,8215,8234,8246,8257,8264,8276,8283,8299,8313,8330,8344,8362,8374,8393,8414,8429,8436,8457,8467,8488,8500,8517,8527,8546,8563,8587,8606,8618,8637,8647,8654,8678,8690,8709,8723,8735,8756,8775,8792,8814,8833,8852,8866,8881,8905,8912,8933,8944,8964,8980,8994,9008,9018,9033,9057,9072,9091,9107,9131,9143,9162,9184,9199,9221,9240,9251,9272,9288,9298,9317,9329,9349,9364,9378,9393,9410,9420,9434,9444,9454,9465,9476,9487,9498,9517,9532,9554,9565,9586,9601,9622,9634,9646,9653,9670,9686,9705,9719,9738,9745,9759,9774,9798,9818,9842,9855,9867,9882,9896,9915,9935,9954,9966,9977,9997,10016,10023,10040,10055,10066,10076,10083,10102,10119,10134,10148,10162,10183,10197,10208,10227,10244,10266,10277,10289,10308,10320,10339,10363,10385,10397,10416,10437,10447,10461,10475,10491,10508,10519,10526,10533,10547,10561,10578,10601,10613,10620,10639,10649,10661,10685,10702,10719,10741,10756,10775,10789,10799,10818,10830,10842,10853,10867,10884,10906,10925,10947,10966,10985,10997,11011,11023,11038,11062,11084,11105,11116,11132,11156,11175,11182,11189,11200,11219,11238,11248,11259,11278,11289,11303,11323,11340,11357,11374,11398,11417,11431,11453,11470,11485,11506,11518,11533,11543,11552,11564,11575,11594,11610,11627,11651,11673,11684

#---A3---
A3g: GROUP ATOMS=11747,11759,11774,11786,11801,11815,11829,11839,11858,11874,11885,11897,11911,11918,11929,11936,11955,11971,11993,12003,12010,12030,12040,12047,12059,12071,12083,12095,12119,12129,12145,12167,12179,12190,12209,12225,12232,12258,12270,12294,12311,12328,12335,12351,12368,12384,12391,12408,12415,12432,12454,12466,12477,12498,12514,12521,12533,12548,12558,12575,12586,12608,12632,12639,12658,12677,12691,12710,12732,12755,12767,12786,12801,12822,12829,12848,12867,12881,12895,12919,12931,12943,12960,12975,12997,13016,13040,13057,13074,13088,13108,13129,13143,13158,13177,13201,13217,13229,13241,13256,13271,13290,13302,13316,13335,13354,13368,13383,13395,13407,13426,13442,13454,13476,13486,13500,13524,13539,13561,13578,13592,13609,13628,13645,13665,13680,13694,13714,13728,13746,13758,13768,13785,13806,13822,13832,13851,13868,13878,13894,13913,13924,13943,13964,13974,13985,13992,14016,14030,14044,14051,14070,14086,14105,14117,14128,14135,14147,14154,14170,14184,14201,14215,14233,14245,14264,14285,14300,14307,14328,14338,14359,14371,14388,14398,14417,14434,14458,14477,14489,14508,14518,14525,14549,14561,14580,14594,14606,14627,14646,14663,14685,14704,14723,14737,14752,14776,14783,14804,14815,14835,14851,14865,14879,14889,14904,14928,14943,14962,14978,15002,15014,15033,15055,15070,15092,15111,15122,15143,15159,15169,15188,15200,15220,15235,15249,15264,15281,15291,15305,15315,15325,15336,15347,15358,15369,15388,15403,15425,15436,15457,15472,15493,15505,15517,15524,15541,15557,15576,15590,15609,15616,15630,15645,15669,15689,15713,15726,15738,15753,15767,15786,15806,15825,15837,15848,15868,15887,15894,15911,15926,15937,15947,15954,15973,15990,16005,16019,16033,16054,16068,16079,16098,16115,16137,16148,16160,16179,16191,16210,16234,16256,16268,16287,16308,16318,16332,16346,16362,16379,16390,16397,16404,16418,16432,16449,16472,16484,16491,16510,16520,16532,16556,16573,16590,16612,16627,16646,16660,16670,16689,16701,16713,16724,16738,16755,16777,16796,16818,16837,16856,16868,16882,16894,16909,16933,16955,16976,16987,17003,17027,17046,17053,17060,17071,17090,17109,17119,17130,17149,17160,17174,17194,17211,17228,17245,17269,17288,17302,17324,17341,17356,17377,17389,17404,17414,17423,17435,17446,17465,17481,17498,17522,17544,17555

#---A4---
A4g: GROUP ATOMS=17618,17630,17645,17657,17672,17686,17700,17710,17729,17745,17756,17768,17782,17789,17800,17807,17826,17842,17864,17874,17881,17901,17911,17918,17930,17942,17954,17966,17990,18000,18016,18038,18050,18061,18080,18096,18103,18129,18141,18165,18182,18199,18206,18222,18239,18255,18262,18279,18286,18303,18325,18337,18348,18369,18385,18392,18404,18419,18429,18446,18457,18479,18503,18510,18529,18548,18562,18581,18603,18626,18638,18657,18672,18693,18700,18719,18738,18752,18766,18790,18802,18814,18831,18846,18868,18887,18911,18928,18945,18959,18979,19000,19014,19029,19048,19072,19088,19100,19112,19127,19142,19161,19173,19187,19206,19225,19239,19254,19266,19278,19297,19313,19325,19347,19357,19371,19395,19410,19432,19449,19463,19480,19499,19516,19536,19551,19565,19585,19599,19617,19629,19639,19656,19677,19693,19703,19722,19739,19749,19765,19784,19795,19814,19835,19845,19856,19863,19887,19901,19915,19922,19941,19957,19976,19988,19999,20006,20018,20025,20041,20055,20072,20086,20104,20116,20135,20156,20171,20178,20199,20209,20230,20242,20259,20269,20288,20305,20329,20348,20360,20379,20389,20396,20420,20432,20451,20465,20477,20498,20517,20534,20556,20575,20594,20608,20623,20647,20654,20675,20686,20706,20722,20736,20750,20760,20775,20799,20814,20833,20849,20873,20885,20904,20926,20941,20963,20982,20993,21014,21030,21040,21059,21071,21091,21106,21120,21135,21152,21162,21176,21186,21196,21207,21218,21229,21240,21259,21274,21296,21307,21328,21343,21364,21376,21388,21395,21412,21428,21447,21461,21480,21487,21501,21516,21540,21560,21584,21597,21609,21624,21638,21657,21677,21696,21708,21719,21739,21758,21765,21782,21797,21808,21818,21825,21844,21861,21876,21890,21904,21925,21939,21950,21969,21986,22008,22019,22031,22050,22062,22081,22105,22127,22139,22158,22179,22189,22203,22217,22233,22250,22261,22268,22275,22289,22303,22320,22343,22355,22362,22381,22391,22403,22427,22444,22461,22483,22498,22517,22531,22541,22560,22572,22584,22595,22609,22626,22648,22667,22689,22708,22727,22739,22753,22765,22780,22804,22826,22847,22858,22874,22898,22917,22924,22931,22942,22961,22980,22990,23001,23020,23031,23045,23065,23082,23099,23116,23140,23159,23173,23195,23212,23227,23248,23260,23275,23285,23294,23306,23317,23336,23352,23369,23393,23415,23426

#---A5---
A5g: GROUP ATOMS=23489,23501,23516,23528,23543,23557,23571,23581,23600,23616,23627,23639,23653,23660,23671,23678,23697,23713,23735,23745,23752,23772,23782,23789,23801,23813,23825,23837,23861,23871,23887,23909,23921,23932,23951,23967,23974,24000,24012,24036,24053,24070,24077,24093,24110,24126,24133,24150,24157,24174,24196,24208,24219,24240,24256,24263,24275,24290,24300,24317,24328,24350,24374,24381,24400,24419,24433,24452,24474,24497,24509,24528,24543,24564,24571,24590,24609,24623,24637,24661,24673,24685,24702,24717,24739,24758,24782,24799,24816,24830,24850,24871,24885,24900,24919,24943,24959,24971,24983,24998,25013,25032,25044,25058,25077,25096,25110,25125,25137,25149,25168,25184,25196,25218,25228,25242,25266,25281,25303,25320,25334,25351,25370,25387,25407,25422,25436,25456,25470,25488,25500,25510,25527,25548,25564,25574,25593,25610,25620,25636,25655,25666,25685,25706,25716,25727,25734,25758,25772,25786,25793,25812,25828,25847,25859,25870,25877,25889,25896,25912,25926,25943,25957,25975,25987,26006,26027,26042,26049,26070,26080,26101,26113,26130,26140,26159,26176,26200,26219,26231,26250,26260,26267,26291,26303,26322,26336,26348,26369,26388,26405,26427,26446,26465,26479,26494,26518,26525,26546,26557,26577,26593,26607,26621,26631,26646,26670,26685,26704,26720,26744,26756,26775,26797,26812,26834,26853,26864,26885,26901,26911,26930,26942,26962,26977,26991,27006,27023,27033,27047,27057,27067,27078,27089,27100,27111,27130,27145,27167,27178,27199,27214,27235,27247,27259,27266,27283,27299,27318,27332,27351,27358,27372,27387,27411,27431,27455,27468,27480,27495,27509,27528,27548,27567,27579,27590,27610,27629,27636,27653,27668,27679,27689,27696,27715,27732,27747,27761,27775,27796,27810,27821,27840,27857,27879,27890,27902,27921,27933,27952,27976,27998,28010,28029,28050,28060,28074,28088,28104,28121,28132,28139,28146,28160,28174,28191,28214,28226,28233,28252,28262,28274,28298,28315,28332,28354,28369,28388,28402,28412,28431,28443,28455,28466,28480,28497,28519,28538,28560,28579,28598,28610,28624,28636,28651,28675,28697,28718,28729,28745,28769,28788,28795,28802,28813,28832,28851,28861,28872,28891,28902,28916,28936,28953,28970,28987,29011,29030,29044,29066,29083,29098,29119,29131,29146,29156,29165,29177,29188,29207,29223,29240,29264,29286,29297

#---Vinculin_CA (CORE H2 to H5) ---
Vt_CA: GROUP ATOMS=29851,29862,29873,29895,29902,29916,29928,29947,29966,29976,29986,29996,30018,30042,30059,30069,30088,30107,30124,30134,30149,30166,30177,30201,30220,30236,30260,30267,30274,30285,30292,30306,30328,30352,30362,30381,30400,30417,30428,30438,30460,30472,30491,30501,30523,30533,30544,30556,30571,30587,30601,30625,30644,30654,30676,30691,30707,30717,30739,30756,30767,30781,30793,30815,30839,30858,30882,30896,30910,30929,30948,30965,30981,30992,31007,31031,31052,31064,31078,31097,31108,31122,31139,31158,31180,31199,31218,31229,31243,31259,31281,31291,31305,31322,31341,31348,31372,31386,31400,31419,31430,31442,31457,31472,31483,31498,31515,31525,31539,31554,31571,31590,31606,31623,31637,31647,31664,31678,31697,31714,31731,31742,31758,31780,31795,31809,31825,31849,31864,31874,31889,31899,31909,31920,31939,31961,31980,32004,32018,32030

#---pocket----
A3A5_CA: GROUP ATOMS=A3g,A5g

#---(2)---Stability measures---
#vincrmsd: RMSD REFERENCE=_VINC_ TYPE=OPTIMAL
#rmsdfapo: RMSD REFERENCE=_APOV_ TYPE=OPTIMAL
#rmsdfhol: RMSD REFERENCE=_HOLV_ TYPE=OPTIMAL

#h2h4: DISTANCE ATOMS=30236,31291 
#h3h5: DISTANCE ATOMS=30274,31457 
#a5rmsd: RMSD REFERENCE=_A5CA_ TYPE=OPTIMAL

#---(3)---Vinc_COM---
vinc: COM ATOMS=Vt_CA  

#---(4)---pocket_COM---
pocket: COM ATOMS=A3A5_CA  

#---(5)---Distances---
d1: DISTANCE ATOMS=pocket,vinc COMPONENTS 
real: DISTANCE ATOMS=pocket,vinc 

#---(6)---Coordination number---
cnumber: COORDINATION GROUPA=Vt_CA GROUPB=A3A5_CA R_0=5.0 NLIST NL_CUTOFF=15.0 NL_STRIDE=50

#---(7)---Set Anchors---
anc1: COM ATOMS=A1g,A2g NOPBC #A1-A2
anc2: COM ATOMS=A4g,A5g NOPBC #A4-A5

#---(8)---get com of H1---
H1g: GROUP ATOMS=29360,29372,29387,29402,29424,29436,29451,29468,29490,29500,29507,29522,29532,29551,29565,29584,29596,29613,29630,29647,29657,29667,29691,29708,29727,29744,29756,29771,29781,29805,29827

H1_com: COM ATOMS=H1g

#---(9)---COM of N_term---
vinc_N_alpha: GROUP ATOMS=29500,29490,29468,29451,29436,29424,29402,29387,29372,29360

vinc_N_com: COM ATOMS=vinc_N_alpha

pp: PROJECTION_ON_AXIS AXIS_ATOMS=anc1,anc2 ATOM=vinc_N_com
pp2: PROJECTION_ON_AXIS AXIS_ATOMS=anc1,anc2 ATOM=vinc

# === pulling ===
# 100pN = 1.4425 kcal/mol/A
# 69.4786 pN = 1 kcal/mol/A
pulling: RESTRAINT ARG=pp.proj KAPPA=0 AT=0 SLOPE=_FORCE_

COMMITTOR ...
 ARG=pp2.ext
 STRIDE=50
 BASIN_LL1=45.5
 BASIN_UL1=52.0
... COMMITTOR

h1com: COM ATOMS=H1g  
dh1c: DISTANCE ATOMS=pocket,h1com COMPONENTS
dh1y: CUSTOM ARG=dh1c.y FUNC=sqrt(x*x) PERIODIC=NO

cmap: CONTACTMAP ...
ATOMS1=30829,12970 SWITCH1={Q R_0=0.2 BETA=5.0 LAMBDA=1.8 REF=4.5} WEIGHT1=0.06666666666666667
ATOMS2=30902,12446 SWITCH2={Q R_0=0.2 BETA=5.0 LAMBDA=1.8 REF=4.5} WEIGHT2=0.06666666666666667
ATOMS3=30958,12460 SWITCH3={Q R_0=0.2 BETA=5.0 LAMBDA=1.8 REF=4.5} WEIGHT3=0.06666666666666667
ATOMS4=31021,12412 SWITCH4={Q R_0=0.2 BETA=5.0 LAMBDA=1.8 REF=4.5} WEIGHT4=0.06666666666666667
ATOMS5=31362,28645 SWITCH5={Q R_0=0.2 BETA=5.0 LAMBDA=1.8 REF=4.5} WEIGHT5=0.06666666666666667
ATOMS6=31508,28552 SWITCH6={Q R_0=0.2 BETA=5.0 LAMBDA=1.8 REF=4.5} WEIGHT6=0.06666666666666667
ATOMS7=31508,28595 SWITCH7={Q R_0=0.2 BETA=5.0 LAMBDA=1.8 REF=4.5} WEIGHT7=0.06666666666666667
ATOMS8=31508,28596 SWITCH8={Q R_0=0.2 BETA=5.0 LAMBDA=1.8 REF=4.5} WEIGHT8=0.06666666666666667
ATOMS9=31630,25731 SWITCH9={Q R_0=0.2 BETA=5.0 LAMBDA=1.8 REF=4.5} WEIGHT9=0.06666666666666667
ATOMS10=31842,13153 SWITCH10={Q R_0=0.2 BETA=5.0 LAMBDA=1.8 REF=4.5} WEIGHT10=0.06666666666666667
ATOMS11=31858,12446 SWITCH11={Q R_0=0.2 BETA=5.0 LAMBDA=1.8 REF=4.5} WEIGHT11=0.06666666666666667
ATOMS12=31883,13191 SWITCH12={Q R_0=0.2 BETA=5.0 LAMBDA=1.8 REF=4.5} WEIGHT12=0.06666666666666667
ATOMS13=31001,12388 SWITCH13={Q R_0=0.2 BETA=5.0 LAMBDA=1.8 REF=4.5} WEIGHT13=0.06666666666666667
ATOMS14=31068,12388 SWITCH14={Q R_0=0.2 BETA=5.0 LAMBDA=1.8 REF=4.5} WEIGHT14=0.06666666666666667
ATOMS15=31131,25683 SWITCH15={Q R_0=0.2 BETA=5.0 LAMBDA=1.8 REF=4.5} WEIGHT15=0.06666666666666667
SUM
...

DUMPATOMS STRIDE=5000 FILE=_OUTPUT_.xyz ATOMS=vinc,anc1,anc2,pocket,h1com TYPE=xyz PRECISION=7
PRINT ARG=pp.proj,pp2.proj,pp.ext,pp2.ext,real,d1.*,dh1y,cmap STRIDE=1000 FILE=_OUTPUT_.colvar.out 
ENDPLUMED
