#! FIELDS bin density
0.000000000000000000e+00  8.397057566372371525e-52
1.005025125628140753e-01  1.595908996272785094e-48
2.010050251256281506e-01  2.187923334858107717e-45
3.015075376884422398e-01  2.163742283134496383e-42
4.020100502512563012e-01  1.543610667029631435e-39
5.025125628140704181e-01  7.944057250320422529e-37
6.030150753768844796e-01  2.949436057628960255e-34
7.035175879396985410e-01  7.900530759162287628e-32
8.040201005025126024e-01  1.526989440567975020e-29
9.045226130653266639e-01  2.129803636653345027e-27
1.005025125628140836e+00  2.144159089690808107e-25
1.105527638190954898e+00  1.558552741863849426e-23
1.206030150753768959e+00  8.183338804134249542e-22
1.306532663316583021e+00  3.105833020617352227e-20
1.407035175879397082e+00  8.529101185456223782e-19
1.507537688442211143e+00  1.697314894995899385e-17
1.608040201005025205e+00  2.453210704009500579e-16
1.708542713567839266e+00  2.583870033025669209e-15
1.809045226130653328e+00  1.992892551772592326e-14
1.909547738693467389e+00  1.133378785864590415e-13
2.010050251256281673e+00  4.797810438700077289e-13
2.110552763819095734e+00  1.530655114118352684e-12
2.211055276381909795e+00  3.741588759757985638e-12
2.311557788944723857e+00  7.192413950433149315e-12
2.412060301507537918e+00  1.147170083789935553e-11
2.512562814070351980e+00  1.697071687963013542e-11
2.613065326633166041e+00  2.663875847706256133e-11
2.713567839195980103e+00  4.460860206164989618e-11
2.814070351758794164e+00  7.165131382492572596e-11
2.914572864321608225e+00  1.060850498752964911e-10
3.015075376884422287e+00  1.543160072474892263e-10
3.115577889447236348e+00  2.369788689382379184e-10
3.216080402010050410e+00  3.795045885065693042e-10
3.316582914572864471e+00  5.993113776872902923e-10
3.417085427135678533e+00  8.964806570956985936e-10
3.517587939698492594e+00  1.245716280804632381e-09
3.618090452261306655e+00  1.628506969162008902e-09
3.718592964824120717e+00  2.116437211999834824e-09
3.819095477386934778e+00  2.879955263625664176e-09
3.919597989949748840e+00  4.041513738655519397e-09
4.020100502512563345e+00  5.506398835420320052e-09
4.120603015075377407e+00  6.933924931622220107e-09
4.221105527638191468e+00  7.944131858281861041e-09
4.321608040201005529e+00  8.484030181737150517e-09
4.422110552763819591e+00  8.916736131065500745e-09
4.522613065326633652e+00  9.656908900163774277e-09
4.623115577889447714e+00  1.093823907925610872e-08
4.723618090452261775e+00  1.308207006441905934e-08
4.824120603015075837e+00  1.665631057167509926e-08
4.924623115577889898e+00  2.177818214285163007e-08
5.025125628140703959e+00  2.721168378915251313e-08
5.125628140703518021e+00  3.121278580309060239e-08
5.226130653266332082e+00  3.390513409509180432e-08
5.326633165829146144e+00  3.757466410419203001e-08
5.427135678391960205e+00  4.364474616851411764e-08
5.527638190954774267e+00  5.064770762488438280e-08
5.628140703517588328e+00  5.750277583923598901e-08
5.728643216080402389e+00  6.928203611224563922e-08
5.829145728643216451e+00  9.582162489132777615e-08
5.929648241206030512e+00  1.391423557725890018e-07
6.030150753768844574e+00  1.831205745710790948e-07
6.130653266331658635e+00  2.049311340879911923e-07
6.231155778894472697e+00  2.007445816157170149e-07
6.331658291457286758e+00  1.907508200798751217e-07
6.432160804020100819e+00  2.020484923613836639e-07
6.532663316582914881e+00  2.656936226896648685e-07
6.633165829145728942e+00  4.112964853422871703e-07
6.733668341708543004e+00  6.143334338760815535e-07
6.834170854271357065e+00  7.693279467981016881e-07
6.934673366834171127e+00  7.966946150636224258e-07
7.035175879396985188e+00  7.591829878272702742e-07
7.135678391959799249e+00  7.813989529916629288e-07
7.236180904522613311e+00  8.805878310636218020e-07
7.336683417085427372e+00  9.677721523125325663e-07
7.437185929648241434e+00  1.007493479909913759e-06
7.537688442211055495e+00  1.091078265747619079e-06
7.638190954773869557e+00  1.312896339176056557e-06
7.738693467336683618e+00  1.663965396679236268e-06
7.839195979899497679e+00  2.149030689243451171e-06
7.939698492462311741e+00  2.961117862292127802e-06
8.040201005025126690e+00  4.421973574733683248e-06
8.140703517587940752e+00  6.599465500667985305e-06
8.241206030150754813e+00  8.837188560647617536e-06
8.341708542713568875e+00  9.982390244165595893e-06
8.442211055276382936e+00  9.628415356021996827e-06
8.542713567839196998e+00  8.751756147499824889e-06
8.643216080402011059e+00  8.521899494919217685e-06
8.743718592964825120e+00  9.188116998294847297e-06
8.844221105527639182e+00  1.075856328240646083e-05
8.944723618090453243e+00  1.371489238709031594e-05
9.045226130653267305e+00  1.799986756037038409e-05
9.145728643216081366e+00  2.206014081689836628e-05
9.246231155778895427e+00  2.436698075545654354e-05
9.346733668341709489e+00  2.613335388802343737e-05
9.447236180904523550e+00  3.184531995029802389e-05
9.547738693467337612e+00  4.800689523549867541e-05
9.648241206030151673e+00  8.460099649335962662e-05
9.748743718592965735e+00  1.575226956458160711e-04
9.849246231155779796e+00  2.778417353660769221e-04
9.949748743718593857e+00  4.287942059670488376e-04
1.005025125628140792e+01  5.753857043370368086e-04
1.015075376884422198e+01  7.326300635955423088e-04
1.025125628140703604e+01  1.040845164177045534e-03
1.035175879396985010e+01  1.795095173043198935e-03
1.045226130653266416e+01  3.329153640450230236e-03
1.055276381909547823e+01  5.601622729560102980e-03
1.065326633165829229e+01  7.915792793582612438e-03
1.075376884422110635e+01  9.707180373367901849e-03
1.085427135678392041e+01  1.177885816384217563e-02
1.095477386934673447e+01  1.574034819309016661e-02
1.105527638190954853e+01  2.160552556172879238e-02
1.115577889447236259e+01  2.687268603347506626e-02
1.125628140703517666e+01  2.924292161444651608e-02
1.135678391959799072e+01  3.006389720649133013e-02
1.145728643216080478e+01  3.442545233176617925e-02
1.155778894472361884e+01  4.908409113220160019e-02
1.165829145728643290e+01  8.097451492464349809e-02
1.175879396984924696e+01  1.334551460537633238e-01
1.185929648241206102e+01  1.979750434268539583e-01
1.195979899497487509e+01  2.521960650621206113e-01
1.206030150753768915e+01  2.750532528326459225e-01
1.216080402010050321e+01  2.626895257144494789e-01
1.226130653266331727e+01  2.284994843740151826e-01
1.236180904522613133e+01  1.941304123927950487e-01
1.246231155778894539e+01  1.751524942587082134e-01
1.256281407035175945e+01  1.692744245472672382e-01
1.266331658291457352e+01  1.646373796367277820e-01
1.276381909547738758e+01  1.576282310550776999e-01
1.286432160804020164e+01  1.570892154941576913e-01
1.296482412060301570e+01  1.775466361321366149e-01
1.306532663316582976e+01  2.298060592506120658e-01
1.316582914572864382e+01  3.073792089692400920e-01
1.326633165829145788e+01  3.798009242081355485e-01
1.336683417085427195e+01  4.104965668644221521e-01
1.346733668341708601e+01  3.887474204411248691e-01
1.356783919597990007e+01  3.385468524299621307e-01
1.366834170854271413e+01  2.919526948516678044e-01
1.376884422110552819e+01  2.666217133120759586e-01
1.386934673366834225e+01  2.737984489575815417e-01
1.396984924623115631e+01  3.222980368239952709e-01
1.407035175879397038e+01  3.993140936426889942e-01
1.417085427135678444e+01  4.688342859727486767e-01
1.427135678391959850e+01  5.033749392863062777e-01
1.437185929648241256e+01  4.990651755260832600e-01
1.447236180904522662e+01  4.560483804055974200e-01
1.457286432160804068e+01  3.729763069556273347e-01
1.467336683417085474e+01  2.661879154560837235e-01
1.477386934673366881e+01  1.706478691007425885e-01
1.487437185929648287e+01  1.138888017792849816e-01
1.497487437185929693e+01  9.547038657813675111e-02
1.507537688442211099e+01  9.285207534882494729e-02
1.517587939698492505e+01  8.421559867218796069e-02
1.527638190954773911e+01  6.512976701782503819e-02
1.537688442211055317e+01  4.511881906529948555e-02
1.547738693467336724e+01  3.346237178123361716e-02
1.557788944723618130e+01  3.241583717263342435e-02
1.567839195979899536e+01  3.820690346768913087e-02
1.577889447236180942e+01  4.259456685211444188e-02
1.587939698492462348e+01  3.822838294159880412e-02
1.597989949748743754e+01  2.592092778817172219e-02
1.608040201005025338e+01  1.298625128777916408e-02
1.618090452261306567e+01  4.767991709896834962e-03
1.628140703517588150e+01  1.278356388347941285e-03
1.638190954773869379e+01  2.497903256657951179e-04
1.648241206030150963e+01  3.560787224754295813e-05
1.658291457286432191e+01  3.988294665873482420e-06
1.668341708542713775e+01  1.041848517617150160e-06
1.678391959798995003e+01  1.355468234726876824e-06
1.688442211055276587e+01  1.696672360717803562e-06
1.698492462311557816e+01  1.549629073116149035e-06
1.708542713567839400e+01  1.021702939076927179e-06
1.718592964824120628e+01  4.860955689953565775e-07
1.728643216080402212e+01  1.669692463212415963e-07
1.738693467336683440e+01  4.154621530463918397e-08
1.748743718592965024e+01  7.701125750697564873e-09
1.758793969849246253e+01  1.368990798593082919e-09
1.768844221105527836e+01  6.130438386758902503e-10
1.778894472361809065e+01  7.263957896255183341e-10
1.788944723618090649e+01  1.975442483675233606e-09
1.798994974874371877e+01  1.199288858135732544e-08
1.809045226130653461e+01  7.528673069308362819e-08
1.819095477386934689e+01  3.722496639356696610e-07
1.829145728643216273e+01  1.390569081965205523e-06
1.839195979899497502e+01  3.903752746485361004e-06
1.849246231155779085e+01  8.238922825346898225e-06
1.859296482412060314e+01  1.309531102420450507e-05
1.869346733668341898e+01  1.572861456108427580e-05
1.879396984924623126e+01  1.446615807660641423e-05
1.889447236180904710e+01  1.094700826183107291e-05
1.899497487437185939e+01  9.049284991914927076e-06
1.909547738693467522e+01  1.150806468216924352e-05
1.919597989949748751e+01  1.760624683446492658e-05
1.929648241206030335e+01  2.400675424889765620e-05
1.939698492462311563e+01  2.754437323518822139e-05
1.949748743718593147e+01  2.662033657781067567e-05
1.959798994974874375e+01  2.118181238361291805e-05
1.969849246231155959e+01  1.329325867093981742e-05
1.979899497487437188e+01  6.329797396468210404e-06
1.989949748743718771e+01  2.230789506252897926e-06
2.000000000000000000e+01  5.741929149902792063e-07
