5.918117311433847005e-01
3.636310620004156169e-01
3.236503208840123547e-01
3.703531539261564198e-01
3.905044355202054729e-01
2.979848768991631980e-01
2.598259411001909713e-01
1.890685408507671583e-01
2.663280645187984241e-01
2.890700918137205089e-01
2.961905035372796036e-01
5.084618906296636265e-01
5.274833305609265555e-01
5.792512511572871503e-01
5.468684265147102375e-01
5.736751735782675832e-01
5.084013584905878735e-01
5.194468785461288096e-01
5.850468410462262847e-01
6.936742562406158497e-01
