4.601410504511627697e-01
1.346448377959555520e+00
6.335699104561132167e-01
6.705354364259793476e-01
2.763397754763006753e-01
5.684299678067731287e-01
6.495599101629382366e-01
3.751453705481819223e-01
5.048086113200206393e-01
7.008310832265931545e-01
3.968262810983944067e-01
3.622240396675251439e-01
3.558100847650548793e-01
3.231016213514497637e-01
3.709228974419146452e-01
8.357500312400977238e-01
5.130058791347144043e-01
5.538604808323520645e-01
5.697670525645153194e-01
4.107009764388491191e-01
4.914355724508686629e-01
7.470607409015895817e-01
6.211792815670079682e-01
7.388250958274211744e-01
6.499443767268437977e-01
