#scaled time 	 ecdf 
7.680537888530564e-05 	        0.0
7.808523090057178e-05 	        0.0
7.938640982294706e-05 	        0.0
8.070927103489901e-05 	        0.0
8.205417584083623e-05 	        0.0
8.342149156578966e-05 	        0.0
8.481159165573805e-05 	        0.0
8.622485577960372e-05 	        0.0
8.766166993295037e-05 	        0.0
8.91224265434063e-05 	        0.0
9.060752457784612e-05 	        0.0
9.211736965135854e-05 	        0.0
9.36523741380282e-05 	        0.0
9.521295728356532e-05 	        0.0
9.679954531981202e-05 	        0.0
9.841257158115496e-05 	        0.0
0.00010005247662288066 	        0.0
0.00010171970834149996 	        0.0
0.0001034147220970803 	        0.0
0.00010513798083761431 	        0.0
0.00010688995522546242 	        0.0
0.00010867112376590148 	        0.0
0.00011048197293781586 	        0.0
0.00011232299732656588 	        0.0
0.00011419469975907135 	        0.0
0.00011609759144114485 	        0.0
0.00011803219209711431 	        0.0
0.00011999903011177143 	        0.0
0.00012199864267468671 	        0.0
0.00012403157592692793 	        0.0
0.0001260983851102244 	        0.0
0.000128199634718616 	        0.0
0.00013033589865263045 	        0.0
0.00013250776037602869 	        0.0
0.00013471581307516198 	        0.0
0.0001369606598209859 	        0.0
0.00013924291373377268 	        0.0
0.0001415631981505687 	        0.0
0.00014392214679544269 	        0.0
0.0001463204039525701 	        0.0
0.00014875862464220295 	        0.0
0.0001512374747995709 	        0.0
0.0001537576314567632 	        0.0
0.00015631978292764313 	        0.0
0.0001589246289958418 	        0.0
0.000161572881105886 	        0.0
0.0001642652625575095 	        0.0
0.0001670025087032044 	        0.0
0.00016978536714906225 	        0.0
0.0001726145979589633 	        0.0
0.00017549097386216698 	        0.0
0.00017841528046436342 	        0.0
0.00018138831646224017 	        0.0
0.00018441089386162524 	        0.0
0.00018748383819926424 	        0.0
0.00019060798876829491 	        0.0
0.0001937841988474771 	        0.0
0.00019701333593424343 	        0.0
0.00020029628198163247 	        0.0
0.00020363393363917202 	        0.0
0.00020702720249777444 	        0.0
0.00021047701533871292 	        0.0
0.00021398431438674842 	        0.0
0.00021755005756747252 	        0.0
0.00022117521876893946 	        0.0
0.0002248607881076582 	        0.0
0.0002286077721990154 	        0.0
0.0002324171944322071 	        0.0
0.00023629009524974966 	        0.0
0.00024022753243164814 	        0.0
0.0002442305813843024 	        0.0
0.0002483003354342249 	        0.0
0.00025243790612665374 	        0.0
0.0002566444235291423 	        0.0
0.0002609210365402059 	        0.0
0.00026526891320311483 	        0.0
0.000269689241024913 	        0.0
0.00027418322730075374 	        0.0
0.00027875209944364164 	        0.0
0.0002833971053196669 	        0.0
0.00028811951358882705 	        0.0
0.000292920614051528 	        0.0
0.0002978017180008576 	        0.0
0.0003027641585807324 	        0.0
0.0003078092911500093 	        0.0
0.00031293849365266537 	        0.0
0.0003181531669941482 	        0.0
0.0003234547354239951 	        0.0
0.0003288446469248282 	        0.0
0.0003343243736078343 	        0.0
0.00033989541211483157 	        0.0
0.00034555928402703806 	        0.0
0.0003513175362806513 	        0.0
0.0003571717415893517 	        0.0
0.0003631234988738494 	        0.0
0.00036917443369858605 	        0.0
0.0003753261987157135 	        0.0
0.00038158047411647407 	        0.0
0.0003879389680900984 	        0.0
0.0003944034172903528 	        0.0
0.0004009755873098602 	        0.0
0.0004076572731623234 	        0.0
0.00041445029977278767 	        0.0
0.00042135652247606947 	        0.0
0.0004283778275234908 	        0.0
0.0004355161325980607 	        0.0
0.00044277338733823813 	        0.0
0.0004501515738704244 	        0.0
0.0004576527073503286 	        0.0
0.000465278836513352 	        0.0
0.00047303204423414865 	        0.0
0.0004809144480955059 	        0.0
0.0004889282009667043 	        0.0
0.0004970754915915198 	        0.0
0.0005053585451860192 	        0.0
0.0005137796240463176 	        0.0
0.0005223410281664674 	        0.0
0.0005310450958666386 	        0.0
0.0005398942044317694 	        0.0
0.0005488907707608591 	        0.0
0.0005580372520270772 	        0.0
0.0005673361463488789 	        0.0
0.0005767899934722978 	        0.0
0.0005864013754646084 	        0.0
0.0005961729174195529 	        0.0
0.0006061072881743132 	        0.0
0.0006162072010384337 	        0.0
0.0006264754145348902 	        0.0
0.0006369147331535048 	        0.0
0.0006475280081169218 	        0.0
0.0006583181381593409 	        0.0
0.0006692880703182282 	        0.0
0.0006804408007392249 	        0.0
0.000691779375494462 	        0.0
0.0007033068914145153 	        0.0
0.0007150264969342226 	        0.0
0.0007269413929525923 	        0.0
0.0007390548337070483 	        0.0
0.0007513701276622367 	        0.0
0.0007638906384136421 	        0.0
0.0007766197856062696 	        0.0
0.0007895610458686275 	        0.0
0.0008027179537622727 	        0.0
0.0008160941027471912 	        0.0
0.0008296931461632452 	        0.0
0.0008435187982279944 	        0.0
0.0008575748350511331 	        0.0
0.0008718650956658314 	        0.0
0.0008863934830772701 	        0.0
0.000901163965328641 	        0.0
0.0009161805765849082 	        0.0
0.0009314474182346437 	        0.0
0.0009469686600101993 	        0.0
0.0009627485411265692 	        0.0
0.0009787913714392144 	        0.0
0.0009951015326211832 	        0.0
0.001011683479359854 	        0.0
0.0010285417405736126 	        0.0
0.001045680920648801 	        0.0
0.0010631057006972953 	        0.0
0.0010808208398350126 	        0.0
0.0010988311764817478 	        0.0
0.0011171416296826564 	        0.0
0.0011357572004517566 	        0.0
0.0011546829731378314 	        0.0
0.0011739241168130783 	        0.0
0.0011934858866849032 	        0.0
0.0012133736255312449 	        0.0
0.0012335927651598115 	        0.0
0.0012541488278916286 	        0.0
0.0012750474280693288 	        0.0
0.001296294273590542 	        0.0
0.001317895167466871 	        0.0
0.0013398560094088237 	        0.0
0.0013621827974371595 	        0.0
0.0013848816295210966 	        0.0
0.0014079587052438067 	        0.0
0.0014314203274956609 	        0.0
0.0014552729041957123 	        0.0
0.0014795229500418285 	        0.0
0.0015041770882900248 	        0.0
0.001529242052563425 	        0.0
0.0015547246886913665 	        0.0
0.001580631956579166 	        0.0
0.001606970932109029 	        0.0
0.0016337488090726318 	        0.0
0.0016609729011359327 	        0.0
0.0016886506438366833 	        0.0
0.0017167895966152655 	        0.0
0.0017453974448793455 	        0.0
0.0017744820021029341 	        0.0
0.0018040512119604393 	        0.0
0.0018341131504962657 	        0.0
0.0018646760283305647 	        0.0
0.0018957481929017595 	        0.0
0.001927338130746421 	        0.0
0.0019594544698171303 	        0.0
0.001992105981838999 	        0.0
0.002025301584705402 	        0.0
0.0020590503449136885 	        0.0
0.0020933614800414447 	        0.0
0.0021282443612640253 	        0.0
0.0021637085159140522 	        0.0
0.0021997636300835487 	        0.0
0.0022364195512694267 	        0.0
0.002273686291063095 	        0.0
0.002311574027884828 	        0.0
0.002350093109763755 	        0.0
0.002389254057164142 	        0.0
0.0024290675658587674 	        0.0
0.002469544509850207 	        0.0
0.002510695944340766 	        0.0
0.002552533108751909 	        0.0
0.002595067429794035 	        0.0
0.0026383105245873432 	        0.0
0.0026822742038347717 	        0.0
0.002726970475047765 	        0.0
0.0027724115458257997 	        0.0
0.0028186098271905822 	        0.0
0.002865577936975781 	        0.0
0.0029133287032732423 	        0.0
0.002961875167936674 	        0.0
0.0030112305901436407 	        0.0
0.003061408450016987 	        0.0
0.0031124224523065673 	        0.0
0.00316428653013232 	        0.0
0.0032170148487897514 	        0.0
0.0032706218096187983 	        0.0
0.0033251220539371636 	        0.0
0.0033805304670392216 	        0.0
0.0034368621822615333 	        0.0
0.003494132585116097 	        0.0
0.0035523573174925365 	        0.0
0.0036115522819302136 	        0.0
0.0036717336459616266 	        0.0
0.0037329178465281255 	        0.0
0.0037951215944692185 	        0.0
0.0038583618790867125 	        0.0
0.003922655972784882 	        0.0
0.003988021435787948 	        0.0
0.004054476120936234 	        0.0
0.004122038178562137 	        0.0
0.004190726061447456 	        0.0
0.004260558529863259 	        0.0
0.004331554656693743 	        0.0
0.004403733832645511 	        0.0
0.004477115771543612 	        0.0
0.004551720515715839 	        0.0
0.004627568441466802 	        0.0
0.004704680264643109 	        0.0
0.004783077046291405 	        0.0
0.004862780198410618 	        0.0
0.004943811489800061 	        0.0
0.005026193052005032 	        0.0
0.005109947385361443 	        0.0
0.00519509736514117 	        0.0
0.0052816662477998795 	        0.0
0.005369677677328849 	        0.0
0.005459155691712721 	        0.0
0.005550124729494877 	        0.0
0.005642609636452104 	        0.0
0.005736635672380619 	        0.0
0.0058322285179950905 	        0.0
0.005929414281942625 	        0.0
0.006028219507933686 	        0.0
0.006128671181991786 	        0.0
0.006230796739823979 	        0.0
0.006334624074314261 	        0.0
0.006440181543141684 	        0.0
0.006547497976525572 	        0.0
0.006656602685099707 	        0.0
0.006767525467917726 	        0.0
0.0068802966205919825 	        0.0
0.006994946943567972 	        0.0
0.007111507750536622 	        0.0
0.007230010876986877 	        0.0
0.007350488688900615 	        0.0
0.007472974091592636 	        0.0
0.007597500538697845 	       0.05
0.007724102041308202 	       0.05
0.007852813177261993 	       0.05
0.007983669100587822 	       0.05
0.008116705551106006 	       0.05
0.008251958864189939 	       0.05
0.00838946598069017 	       0.05
0.008529264457023794 	       0.05
0.008671392475432 	       0.05
0.008815888854408496 	       0.05
0.008962793059301822 	       0.05
0.009112145213094211 	       0.05
0.009263986107360105 	       0.05
0.009418357213407343 	       0.05
0.0095753006936039 	       0.05
0.009734859412893454 	       0.05
0.009897076950502752 	       0.05
0.010061997611844191 	       0.05
0.010229666440616611 	       0.05
0.010400129231107818 	       0.05
0.01057343254070203 	       0.05
0.010749623702595853 	       0.05
0.010928750838726046 	       0.05
0.01111086287291277 	       0.05
0.01129600954422179 	       0.05
0.011484241420549438 	       0.05
0.011675609912433856 	       0.05
0.011870167287096436 	        0.1
0.01206796668271718 	        0.1
0.012269062122948052 	        0.1
0.012473508531668051 	        0.1
0.012681361747984248 	        0.1
0.012892678541482688 	        0.1
0.013107516627733587 	        0.1
0.013325934684054741 	        0.1
0.013547992365537718 	        0.1
0.013773750321340995 	        0.1
0.014003270211254755 	        0.1
0.014236614722541561 	        0.1
0.014473847587057753 	        0.1
0.014715033598660046 	        0.1
0.01496023863090234 	        0.1
0.015209529655027277 	        0.1
0.015462974758257685 	        0.1
0.015720643162392734 	        0.1
0.01598260524271412 	        0.1
0.016248932547207173 	        0.1
0.016519697816102217 	       0.15
0.01679497500174175 	       0.15
0.017074839288778485 	       0.15
0.017359367114710082 	       0.15
0.01764863619075595 	       0.15
0.0179427255230821 	       0.15
0.018241715434379527 	       0.15
0.01854568758580223 	       0.15
0.018854724999270742 	       0.15
0.019168912080147454 	       0.15
0.01948833464028964 	       0.15
0.019813079921486707 	       0.15
0.020143236619287904 	       0.15
0.02047889490722728 	       0.15
0.020820146461452103 	       0.15
0.0211670844857618 	       0.15
0.021519803737064035 	       0.15
0.021878400551255145 	       0.15
0.02224297286953166 	       0.15
0.022613620265140393 	       0.15
0.02299044397057411 	       0.15
0.023373546905220664 	       0.15
0.023763033703472575 	       0.15
0.024159010743305204 	       0.15
0.024561586175330958 	       0.15
0.02497086995233792 	       0.15
0.025386973859320414 	       0.15
0.025810011544010185 	       0.15
0.02624009854791613 	        0.2
0.026677352337881557 	        0.2
0.027121892338167072 	        0.2
0.027573839963068034 	        0.2
0.02803331865007583 	        0.2
0.028500453893591435 	        0.2
0.028975373279200918 	        0.2
0.02945820651852196 	        0.2
0.02994908548463129 	        0.2
0.030448144248082225 	        0.2
0.030955519113522515 	        0.2
0.03147134865692223 	        0.2
0.031995773763422275 	        0.2
0.03252893766581333 	        0.2
0.03307098598365612 	        0.2
0.03362206676305341 	        0.2
0.03418233051708505 	        0.2
0.03475193026691653 	        0.2
0.03533102158359268 	        0.2
0.035919762630527624 	        0.2
0.036518314206703165 	        0.2
0.0371268397905866 	        0.2
0.037745505584780556 	        0.2
0.038374480561416735 	       0.25
0.03901393650830634 	       0.25
0.03966404807585921 	       0.25
0.04032499282478504 	       0.25
0.040996951274589195 	       0.25
0.04168010695287707 	       0.25
0.04237464644547959 	       0.25
0.043080759447414324 	        0.3
0.043798638814695395 	        0.3
0.044528480617007274 	       0.35
0.0452704841912559 	       0.35
0.046024852196012066 	       0.35
0.04679179066686256 	       0.35
0.04757150907268309 	       0.35
0.048364220372849244 	       0.35
0.049170141075400534 	       0.35
0.04998949129617404 	       0.35
0.05082249481892308 	        0.4
0.051669379156437836 	        0.4
0.052530375612684276 	        0.4
0.05340571934597898 	        0.4
0.054295649433216166 	        0.4
0.055200408935165333 	        0.4
0.0561202449628566 	        0.4
0.05705540874507289 	        0.4
0.05800615569696614 	        0.4
0.058972745489817326 	        0.4
0.05995544212195848 	        0.4
0.06095451399087726 	        0.4
0.06197023396652226 	        0.4
0.06300287946583041 	        0.4
0.06405273252849573 	        0.4
0.06512007989400137 	        0.4
0.06620521307993465 	       0.45
0.06730842846160749 	       0.45
0.06843002735300313 	       0.45
0.06957031608907248 	       0.45
0.07072960610940114 	       0.45
0.07190821404327095 	        0.5
0.07310646179613858 	        0.5
0.0743246766375559 	        0.5
0.07556319129055476 	        0.5
0.07682234402252124 	        0.5
0.07810247873758476 	        0.5
0.0794039450705462 	        0.5
0.08072709848237143 	        0.5
0.08207230035727568 	        0.5
0.08343991810142665 	        0.5
0.08483032524329126 	        0.5
0.08624390153565534 	        0.5
0.0876810330593426 	        0.5
0.0891421123286629 	        0.5
0.09062753839861672 	       0.55
0.09213771697388666 	       0.55
0.09367306051964455 	       0.55
0.09523398837420585 	       0.55
0.09682092686356043 	        0.6
0.0984343094178124 	        0.6
0.1000745766895596 	        0.6
0.10174217667424681 	        0.6
0.10343756483252337 	        0.6
0.10516120421464033 	        0.6
0.10691356558692 	        0.6
0.10869512756033381 	        0.6
0.11050637672122182 	        0.6
0.11234780776419107 	        0.6
0.11421992362722776 	        0.6
0.1161232356290622 	        0.6
0.11805826360882139 	        0.6
0.12002553606800953 	        0.6
0.12202559031485372 	        0.6
0.1240589726110561 	        0.6
0.12612623832099046 	        0.6
0.12822795206338475 	        0.6
0.1303646878655326 	        0.6
0.13253702932007305 	        0.6
0.13474556974438356 	        0.6
0.13699091234262858 	        0.6
0.13927367037050928 	        0.6
0.14159446730275774 	        0.6
0.1439539370034227 	       0.65
0.14635272389899212 	       0.65
0.14879148315440202 	       0.65
0.15127088085197685 	       0.65
0.15379159417335242 	       0.65
0.15635431158442953 	       0.65
0.158959733023411 	       0.65
0.1616085700919707 	       0.65
0.16430154624960877 	       0.65
0.167039397011245 	       0.65
0.1698228701481059 	       0.65
0.17265272589195801 	       0.65
0.17552973714274547 	        0.7
0.17845468967968617 	        0.7
0.1814283823758877 	        0.7
0.1844516274165377 	        0.7
0.18752525052073074 	        0.7
0.19065009116699114 	        0.7
0.19382700282255508 	       0.75
0.197056853176472 	       0.75
0.2003405243765911 	        0.8
0.20367891327049573 	        0.8
0.2070729316504548 	        0.8
0.21052350650245374 	        0.8
0.21403158025937666 	        0.8
0.2175981110584058 	       0.85
0.22122407300271268 	       0.85
0.2249104564275079 	       0.85
0.2286582681705241 	       0.85
0.2324685318470084 	       0.85
0.23634228812929478 	       0.85
0.24028059503103655 	       0.85
0.24428452819617372 	       0.85
0.24835518119271807 	       0.85
0.2524936658114312 	       0.85
0.25670111236948107 	       0.85
0.2609786700191573 	       0.85
0.26532750706173297 	       0.85
0.2697488112665541 	       0.85
0.2742437901954478 	       0.85
0.2788136715325347 	       0.85
0.28345970341953997 	       0.85
0.2881831547966886 	        0.9
