0.000000000000000000e+00 4.685752947885510333e-01 3.620266636496791701e-01
6.427100869169711761e-14 3.915517602230053629e-01 4.904736129995269089e-01
3.570611593983173481e-14 3.757226724381306227e-01 4.100029585343218930e-01
2.856489275186538911e-14 3.614782632832787002e-01 5.414794114239448453e-01
7.855345506762982163e-14 3.444712785463209803e-01 5.104973562978472046e-01
6.427100869169711761e-14 3.315968913216105762e-01 3.347628291952836621e-01
4.998856231576443252e-14 3.135937901798428462e-01 8.185782220518769137e-01
9.997712463152886504e-14 2.700502398019025696e-01 1.887279783434893332e+00
4.998856231576443252e-14 2.349191880956253142e-01 2.147281092292446569e+00
7.855345506762982163e-14 2.501203288181315099e-01 1.901734026762580854e+00
7.141223187966346962e-14 2.945017446027597408e-01 1.522676162720123516e+00
1.428244637593269455e-14 3.266240105927015747e-01 1.045116871954110183e+00
4.998856231576443252e-14 2.840742477063065707e-01 2.093389541112898655e+00
4.998856231576443252e-14 2.478783743237524539e-01 2.480306832928664829e+00
1.428244637593269455e-14 2.757916997186884989e-01 1.911429902471019737e+00
7.141223187966346962e-14 3.010961176477093826e-01 7.630492174892865576e-01
7.855345506762982163e-14 2.851543682650793388e-01 1.136767751750870081e+00
4.998856231576443252e-14 2.610261176613248302e-01 9.979660419194561483e-01
9.997712463152886504e-14 2.559426396308619456e-01 5.400985568893094113e-01
4.998856231576443252e-14 2.535210897316214629e-01 7.207600887040274129e-01
6.427100869169711761e-14 2.359956295229374279e-01 9.261068573761891409e-01
7.855345506762982163e-14 2.082119625138614261e-01 1.232506046348190054e+00
2.856489275186538911e-14 2.049993510155734555e-01 9.706499831557260372e-01
3.570611593983173481e-14 2.182441926890184569e-01 1.058264190168329621e+00
7.141223187966346962e-14 2.590018019833510987e-01 2.168794615703705464e+00
0.000000000000000000e+00 3.524532058124461575e-01 2.429393422114390244e+00
7.141223187966346962e-14 4.159628886836161388e-01 8.922371961792805450e-01
3.570611593983173481e-14 3.595544466362685099e-01 2.688708993965067684e+00
2.856489275186538911e-14 2.567516707505058116e-01 2.763055368492591146e+00
8.569467825559617364e-14 1.800771641236355025e-01 3.772629495453418524e+00
6.427100869169711761e-14 2.211140779702606418e-01 1.640913944293842963e+00
4.998856231576443252e-14 1.871281328115493026e-01 1.714695356362141876e+00
1.071183478194952044e-13 1.347752915754224512e-01 1.545491508874483833e+00
4.998856231576443252e-14 1.572792965067585369e-01 2.579193601159431193e+00
7.855345506762982163e-14 2.504791738104120702e-01 1.951975338933236159e+00
7.855345506762982163e-14 2.725869663810738253e-01 1.168898193331060709e+00
1.428244637593269455e-14 2.618508158036035316e-01 1.815294484850777268e+00
4.998856231576443252e-14 2.075592506094839085e-01 2.311230105832629889e+00
4.998856231576443252e-14 8.804345698583837532e-02 2.123537203111211635e+00
1.428244637593269455e-14 2.329641816320427924e-02 1.383338914986928181e+00
7.855345506762982163e-14 7.708694008668998121e-02 1.197616631099578166e+00
7.855345506762982163e-14 1.279472664826079298e-01 2.577331490142799719e+00
4.998856231576443252e-14 2.574686113296777989e-01 3.600279819065866249e+00
1.071183478194952044e-13 4.162755241003525120e-01 3.012634798628232691e+00
4.998856231576443252e-14 5.216756861687859015e-01 2.715090865521522012e+00
6.427100869169711761e-14 5.764096278827318676e-01 4.168117123394702084e+00
8.569467825559617364e-14 6.502756836558321041e-01 5.317182676236837935e+00
2.856489275186538911e-14 7.261674353904672419e-01 4.794829615711770465e+00
4.284733912779808682e-14 7.437447829315605441e-01 4.984001741884276804e+00
7.141223187966346962e-14 7.285133452188222725e-01 3.687722187172348676e+00
0.000000000000000000e+00 6.782651384149882556e-01 3.046376230246832684e+00
7.141223187966346962e-14 6.197904330846605303e-01 2.252849916028434762e+00
4.284733912779808682e-14 5.444463131852523841e-01 2.706116516642351311e+00
2.856489275186538911e-14 4.609666178894227806e-01 2.915628081477828815e+00
9.283590144356251303e-14 4.153471984581722509e-01 2.654468417461317564e+00
6.427100869169711761e-14 4.055416759645617542e-01 2.405168033861308174e+00
4.284733912779808682e-14 4.075357923298302265e-01 2.647913467920057329e+00
1.142595710074615564e-13 4.443523768011788944e-01 3.647375210446037297e+00
4.998856231576443252e-14 4.974537020125371911e-01 1.886667181235962332e+00
7.855345506762982163e-14 4.505079017595646218e-01 1.639914694477768276e+00
7.855345506762982163e-14 4.085139817536521112e-01 2.671714494790944361e+00
1.428244637593269455e-14 4.295423014486376978e-01 2.328150863171829954e+00
4.998856231576443252e-14 4.297749631923798996e-01 1.595158488109315043e+00
4.998856231576443252e-14 3.686579867775722219e-01 1.622693135194425595e+00
1.428244637593269455e-14 3.157015666364823003e-01 1.755420701402250039e+00
7.855345506762982163e-14 3.062343082300909014e-01 1.423355260889581198e+00
7.855345506762982163e-14 3.319805829929238228e-01 1.767415696525745039e+00
3.570611593983173481e-14 3.470041926379811570e-01 1.505504551322413231e+00
1.142595710074615564e-13 3.285137857948543516e-01 1.131557271739141779e+00
4.284733912779808682e-14 3.006551630272037423e-01 1.773578870596806079e+00
5.712978550373077822e-14 2.878384534471996048e-01 1.797906891909158089e+00
7.855345506762982163e-14 2.693650362459787950e-01 1.500984170312678279e+00
2.856489275186538911e-14 2.393664389064122655e-01 1.533827301982260138e+00
3.570611593983173481e-14 2.488904915438654164e-01 1.223541643201154772e+00
6.427100869169711761e-14 2.968224574111322234e-01 1.112184420765255810e+00
0.000000000000000000e+00 3.359671190189202905e-01 7.572081212148240592e-01
6.427100869169711761e-14 3.478839654502257073e-01 7.154403818661358994e-01
2.856489275186538911e-14 3.481802741321854966e-01 8.285623788869227457e-01
2.856489275186538911e-14 3.485652487573644986e-01 8.778711226864346351e-01
7.141223187966346962e-14 3.529807136343026674e-01 5.041813197689998249e-01
4.998856231576443252e-14 3.588447934027197417e-01 9.588207683067756504e-01
4.284733912779808682e-14 3.771504643752727759e-01 8.555660225657505391e-01
1.142595710074615564e-13 3.999738834421476263e-01 9.272106768369223762e-01
2.856489275186538911e-14 4.138750660244837620e-01 1.146571043618062724e+00
7.855345506762982163e-14 4.108957065363760264e-01 7.510201187385306953e-01
8.569467825559617364e-14 4.072526931075151624e-01 9.803692887599078087e-01
1.428244637593269455e-14 4.308307871069158579e-01 9.686002902431568584e-01
5.712978550373077822e-14 4.655383645544380888e-01 1.083525091648507521e+00
5.712978550373077822e-14 4.804451100873273206e-01 9.859092831708609062e-01
7.141223187966347277e-15 4.750185397389581898e-01 9.212652214467895728e-01
8.569467825559617364e-14 4.783045344850318514e-01 9.835026005584820430e-01
7.855345506762982163e-14 4.856895140155999546e-01 1.000820090895632397e+00
2.856489275186538911e-14 4.916236490642009738e-01 7.031480410078948529e-01
1.142595710074615564e-13 4.988762470569454432e-01 3.117261157252341208e-01
4.284733912779808682e-14 5.032174972743805874e-01 2.804739633570766943e-01
3.570611593983173481e-14 5.023347024843155539e-01 2.839298413595143789e-01
7.141223187966346962e-14 4.968064934983302816e-01 3.448233491181239563e-01
2.856489275186538911e-14 4.937037571409091941e-01 3.939478520342938883e-01
2.142366956389904341e-14 4.942825454135520435e-01 2.886676885676214832e-01
5.712978550373077822e-14 4.966816436308632565e-01 2.576354110153145638e-01
0.000000000000000000e+00 5.025222508211427686e-01 3.166379604040178153e-01
5.712978550373077822e-14 5.085008868222182787e-01 2.965224290690301467e-01
2.142366956389904341e-14 5.120152221520467561e-01 2.294291146266831949e-01
2.856489275186538911e-14 5.135065697976816113e-01 3.417545762258461517e-01
6.427100869169711761e-14 5.152312017421155632e-01 2.591090263443829866e-01
3.570611593983173481e-14 5.182878938911260613e-01 3.035437312888930594e-01
4.284733912779808682e-14 5.218577809990733174e-01 1.981410003073682535e-01
1.142595710074615564e-13 5.231339727445765142e-01 2.527795118078127734e-01
2.142366956389904341e-14 5.239459243065343053e-01 3.788811449512769491e-01
7.855345506762982163e-14 5.264011453987541556e-01 3.792975594002048201e-01
8.569467825559617364e-14 5.261483066174843515e-01 2.896323608347743939e-01
2.142366956389904341e-14 5.209934909536455550e-01 2.939978531630726422e-01
5.712978550373077822e-14 5.193231640070528066e-01 2.482944135200185476e-01
5.712978550373077822e-14 5.224400538764778501e-01 2.464446884271424276e-01
1.428244637593269455e-14 5.238964377670264350e-01 2.697382637179092102e-01
8.569467825559617364e-14 5.253613814996377362e-01 3.952060295845265525e-01
7.855345506762982163e-14 5.283544869490811591e-01 3.249092515757368016e-01
1.428244637593269455e-14 5.310775610016406079e-01 3.078534672491389235e-01
1.142595710074615564e-13 5.309425886955059237e-01 2.723052114419679537e-01
4.284733912779808682e-14 5.328480830754714903e-01 4.197382840717907015e-01
2.856489275186538911e-14 5.414519558043695557e-01 4.465428565343633194e-01
6.427100869169711761e-14 5.443264781861791857e-01 3.901797758359663026e-01
2.856489275186538911e-14 5.388269379693954031e-01 2.504939549749011229e-01
7.141223187966347277e-15 5.363347809521279430e-01 3.987166832728240018e-01
4.284733912779808682e-14 5.376916343718891600e-01 6.416858007496034633e-01
0.000000000000000000e+00 5.394146053642043803e-01 5.040753352846952806e-01
4.284733912779808682e-14 5.391672797886619684e-01 4.123829413745238037e-01
7.141223187966347277e-15 5.395120135816059426e-01 3.392714411003009967e-01
2.856489275186538911e-14 5.386105242255072589e-01 3.123431455100135756e-01
5.712978550373077822e-14 5.369906462108368084e-01 4.041512165360608422e-01
2.142366956389904341e-14 5.397420005750491745e-01 4.099306670466155711e-01
4.284733912779808682e-14 5.439097550499724099e-01 3.490405230140876669e-01
1.214007941954278958e-13 5.436990130822646483e-01 2.871538401822015807e-01
0.000000000000000000e+00 5.405361470696596893e-01 1.384091213844126644e-01
7.855345506762982163e-14 5.395071235653418062e-01 2.644995560746295493e-01
8.569467825559617364e-14 5.427496173996766426e-01 4.100067301869995684e-01
2.856489275186538911e-14 5.502548458089349115e-01 4.146282938174654653e-01
5.712978550373077822e-14 5.541375885666878220e-01 2.620110964069683468e-01
5.712978550373077822e-14 5.513467764630868295e-01 3.259351659830510561e-01
3.570611593983173481e-14 5.561234502422242043e-01 3.177609389134559703e-01
8.569467825559617364e-14 5.667807313804036351e-01 2.714923831016465283e-01
7.855345506762982163e-14 5.652286999601781048e-01 3.610595105169289165e-01
0.000000000000000000e+00 5.566644095650147284e-01 2.537611793395268545e-01
1.214007941954278958e-13 5.533329851911652497e-01 3.155905865909237606e-01
4.284733912779808682e-14 5.531748237211465691e-01 3.631891033507943511e-01
2.142366956389904341e-14 5.557931727412311895e-01 2.750374750156935333e-01
4.284733912779808682e-14 5.638535205901780145e-01 2.696348880242250834e-01
2.856489275186538911e-14 5.657848387417292457e-01 3.034853746218149073e-01
0.000000000000000000e+00 5.573798373479796897e-01 4.432500526820430387e-01
2.856489275186538911e-14 5.508560073973415294e-01 3.936192396183118558e-01
0.000000000000000000e+00 5.508115867272588284e-01 5.045377161155836232e-01
2.856489275186538911e-14 5.537381518614806764e-01 3.615481952573350033e-01
0.000000000000000000e+00 5.578621340978257015e-01 4.011481149711558225e-01
2.856489275186538911e-14 5.666004042508870908e-01 4.612693105044350372e-01
4.284733912779808682e-14 5.763474403967431270e-01 3.232082739338323907e-01
7.141223187966347277e-15 5.768913673516674612e-01 6.833533408203229520e-01
4.998856231576443252e-14 5.739129539901987043e-01 4.447261949773484990e-01
1.214007941954278958e-13 5.750139662555753262e-01 3.788638830045397143e-01
7.141223187966347277e-15 5.812792673645911234e-01 5.552287763567620438e-01
7.855345506762982163e-14 5.878704831582882706e-01 5.514796662140780681e-01
9.283590144356251303e-14 5.882362756253030067e-01 3.404662404566778933e-01
4.998856231576443252e-14 5.847735001888993978e-01 3.762459884610654948e-01
5.712978550373077822e-14 5.824604801339258175e-01 2.489588686005471674e-01
5.712978550373077822e-14 5.842351488597837816e-01 2.594296208515765034e-01
4.998856231576443252e-14 5.856368234525958227e-01 2.374344629851369015e-01
9.283590144356251303e-14 5.870211251778865158e-01 3.700082971573444568e-01
7.855345506762982163e-14 5.932283675602376682e-01 3.305007433515738113e-01
1.428244637593269455e-14 5.950553997435407139e-01 5.651559069930595092e-01
1.214007941954278958e-13 5.903490385571676935e-01 3.751892464672432759e-01
4.998856231576443252e-14 5.849344037856637479e-01 1.921344218780356716e-01
7.141223187966347277e-15 5.828792542559015910e-01 2.828689745183477489e-01
4.284733912779808682e-14 5.856134438120653707e-01 3.062200746248286420e-01
2.856489275186538911e-14 5.889208995809411817e-01 3.829076217899359258e-01
7.141223187966347277e-15 5.882908225713772143e-01 2.773197017681822696e-01
2.142366956389904341e-14 5.891264526010231428e-01 2.099388899941895537e-01
0.000000000000000000e+00 5.961319180426153386e-01 4.761759790855745744e-01
2.142366956389904341e-14 6.067768285513416293e-01 5.735357853171983988e-01
7.141223187966347277e-15 6.177385132336974394e-01 5.478169301723037066e-01
2.856489275186538911e-14 6.222366838107297182e-01 3.307436462678361444e-01
3.570611593983173481e-14 6.170451314385195785e-01 5.037694680913454848e-01
0.000000000000000000e+00 6.126164374503972887e-01 3.184464509287951994e-01
4.998856231576443252e-14 6.131330987498248009e-01 2.852505790053212475e-01
1.214007941954278958e-13 6.088853393291554505e-01 3.843784130673075783e-01
1.428244637593269455e-14 6.035063708132726301e-01 3.593189641115800415e-01
7.855345506762982163e-14 6.046392917262339850e-01 4.153017516820159960e-01
9.283590144356251303e-14 6.039787431401489881e-01 1.975844351126744836e-01
5.712978550373077822e-14 6.026279628131372412e-01 4.361203898795541489e-01
7.141223187966346962e-14 6.084048641120277656e-01 3.055513499345034467e-01
7.141223187966346962e-14 6.140749175351380984e-01 2.924880102414206817e-01
5.712978550373077822e-14 6.141551636686499727e-01 3.298315111912510922e-01
9.283590144356251303e-14 6.122834538390946602e-01 2.513315963681047593e-01
7.855345506762982163e-14 6.086297003239562464e-01 4.666959389650329193e-01
2.856489275186538911e-14 6.020106207379357643e-01 4.044795763493598262e-01
1.214007941954278958e-13 5.871771274328765333e-01 5.381720291256429922e-01
4.998856231576443252e-14 5.753977825042482230e-01 4.418063307051135480e-01
0.000000000000000000e+00 5.783944467294317437e-01 4.868853853902422313e-01
3.570611593983173481e-14 5.849291695442909722e-01 3.785450338259657710e-01
2.856489275186538911e-14 5.891971387800809534e-01 3.500562452533297897e-01
1.428244637593269455e-14 6.008279644049847601e-01 5.264951384837670556e-01
7.141223187966347277e-15 6.117638453664466791e-01 3.813896628751118900e-01
0.000000000000000000e+00 6.041427925698684698e-01 4.386052181112571335e-01
