0.000000000000000000e+00 2.538833627055896436e-01 7.644355897396879060e-04
6.427100869169711761e-14 2.097084182946494790e-01 9.981628511443243479e-01
3.570611593983173481e-14 2.395812461502317414e-01 9.992852558177295341e-01
2.856489275186538911e-14 2.654259478748856038e-01 8.317409273652281998e-01
7.855345506762982163e-14 2.630837743107102278e-01 1.116898572398491218e+00
6.427100869169711761e-14 2.420592416911512834e-01 1.646878458588259209e+00
4.998856231576443252e-14 2.402222858973594721e-01 1.169019525287760208e+00
9.997712463152886504e-14 2.327743914008365000e-01 8.970522730218436491e-01
4.998856231576443252e-14 2.121938896813160835e-01 8.960346413791526743e-01
7.855345506762982163e-14 1.950957964205186357e-01 1.008997354698723203e+00
7.141223187966346962e-14 1.974523293587892858e-01 1.164208170626279681e+00
1.428244637593269455e-14 2.108106369113687262e-01 1.148297007773019462e+00
4.998856231576443252e-14 2.196881360582246812e-01 7.385334898923875402e-01
4.998856231576443252e-14 2.166021802752880199e-01 1.283548864747921403e+00
1.428244637593269455e-14 2.281563519140266949e-01 1.100511597836494548e+00
7.141223187966346962e-14 2.489484718798895824e-01 8.067638158775760626e-01
7.855345506762982163e-14 2.549989608890091963e-01 6.967797048204448229e-01
4.998856231576443252e-14 2.307054708350158856e-01 8.064278526448351858e-01
9.997712463152886504e-14 2.039264586265536472e-01 5.102654843836939014e-01
4.998856231576443252e-14 2.030016948215345451e-01 7.184061555715557379e-01
6.427100869169711761e-14 1.969868098312727855e-01 8.176995545786996944e-01
7.855345506762982163e-14 1.839883512805258192e-01 6.865929067924276819e-01
2.856489275186538911e-14 1.899451211094464187e-01 7.545350570772864085e-01
3.570611593983173481e-14 2.047815149216541675e-01 6.796774308349130544e-01
7.141223187966346962e-14 2.149851824767437525e-01 8.411449150717446033e-01
0.000000000000000000e+00 2.250011202854580172e-01 1.060622887146504656e+00
7.141223187966346962e-14 2.315233264709704031e-01 1.214097085855957214e+00
3.570611593983173481e-14 2.301555163351343136e-01 4.381913367691699257e+00
2.856489275186538911e-14 4.493444544040156030e-01 5.790600727869497533e+00
8.569467825559617364e-14 4.229667785832225135e-01 4.067211556895114377e+00
6.427100869169711761e-14 3.080969082827296757e-01 4.856037851730540034e+00
4.998856231576443252e-14 4.629798297813814134e-01 4.367942631189085212e+00
1.071183478194952044e-13 6.262607297744459123e-01 2.696020127088123441e+00
4.998856231576443252e-14 6.360589551397328734e-01 3.268088228700987141e+00
7.855345506762982163e-14 4.770707567250253578e-01 5.993669095145389036e+00
7.855345506762982163e-14 4.599719831634270228e-01 6.695085416314773497e+00
1.428244637593269455e-14 6.561463514713652412e-01 6.980126994446526290e+00
4.998856231576443252e-14 7.770508856123378161e-01 7.378141033151398354e+00
4.998856231576443252e-14 8.579937937806118020e-01 5.528576553581354247e+00
1.428244637593269455e-14 8.228173552275704905e-01 6.677194710150101464e+00
7.855345506762982163e-14 7.204914683360041927e-01 6.550906225399862670e+00
7.855345506762982163e-14 5.004745701831091464e-01 6.309431008928002349e+00
4.998856231576443252e-14 2.521058490710215705e-01 6.117960332748735297e+00
1.071183478194952044e-13 2.837699251884027718e-01 1.720563227090775582e+00
4.998856231576443252e-14 3.242476718247097600e-01 7.210799704518859876e-01
6.427100869169711761e-14 2.593022409701319919e-01 2.359429594592079571e+00
8.569467825559617364e-14 2.018026147828649586e-01 3.390213939563333945e+00
2.856489275186538911e-14 2.301976772383202974e-01 1.631367731431732082e+00
4.284733912779808682e-14 1.987853788418455503e-01 9.127202126823977801e-01
7.141223187966346962e-14 1.815122559785198597e-01 6.902562457520315942e-01
0.000000000000000000e+00 1.687815652053272775e-01 9.061352752737301675e-01
7.141223187966346962e-14 1.499378816254242908e-01 1.792284066380950502e+00
4.284733912779808682e-14 1.631666149016125777e-01 1.733279922231443004e+00
2.856489275186538911e-14 1.905392365919987840e-01 1.376762390044037998e+00
9.283590144356251303e-14 2.071081219983273436e-01 1.373760297030798716e+00
6.427100869169711761e-14 2.114898371182274694e-01 1.070718883184811343e+00
4.284733912779808682e-14 2.031250917424402003e-01 1.008850140120237215e+00
1.142595710074615564e-13 2.073531624896035319e-01 1.199978821425884190e+00
4.998856231576443252e-14 2.188488258227664907e-01 7.049386938115058676e-01
7.855345506762982163e-14 2.046807012414076921e-01 7.813427569724792354e-01
7.855345506762982163e-14 2.028995662944990119e-01 1.238120442489203388e+00
1.428244637593269455e-14 2.122485539529695708e-01 1.586648222921499318e+00
4.998856231576443252e-14 2.283761274876319469e-01 9.492667285849215597e-01
4.998856231576443252e-14 2.213589704768803013e-01 1.528730000144530310e+00
1.428244637593269455e-14 2.078686265921197707e-01 1.050067044454688681e+00
7.855345506762982163e-14 2.069101090274488575e-01 6.318443805286386716e-01
7.855345506762982163e-14 2.100638470440203132e-01 5.538115522817638192e-01
3.570611593983173481e-14 2.121537901276999982e-01 6.241180579068625889e-01
1.142595710074615564e-13 2.111213914000274472e-01 6.838304175533390650e-01
4.284733912779808682e-14 2.157075155266183208e-01 6.557065672799632372e-01
5.712978550373077822e-14 2.251633163398010229e-01 1.081676256312500861e+00
7.855345506762982163e-14 2.355304953593868600e-01 7.911562594513767976e-01
2.856489275186538911e-14 2.390809561432655217e-01 9.003431851001848507e-01
3.570611593983173481e-14 2.481075442998418035e-01 6.361076910984583277e-01
6.427100869169711761e-14 2.447720875510258909e-01 5.628896387881752172e-01
0.000000000000000000e+00 2.273472073724993603e-01 8.226010955469241770e-01
6.427100869169711761e-14 2.209908583137696059e-01 7.005952776940963522e-01
2.856489275186538911e-14 2.260427234520680506e-01 6.162462701330542192e-01
2.856489275186538911e-14 2.339068476278554076e-01 4.816892618643005552e-01
7.141223187966346962e-14 2.337648842580376807e-01 7.316248398557222421e-01
4.998856231576443252e-14 2.286692677772559357e-01 7.649157038000605757e-01
4.284733912779808682e-14 2.296090228574032277e-01 6.112779126939268393e-01
1.142595710074615564e-13 2.335660072792818398e-01 8.365755808632593382e-01
2.856489275186538911e-14 2.482959563189308105e-01 8.591412830470718243e-01
7.855345506762982163e-14 2.732880132901177039e-01 7.722355093578960883e-01
8.569467825559617364e-14 2.875189439660851831e-01 9.111636198323229685e-01
1.428244637593269455e-14 2.962435958329266428e-01 7.189961928574782890e-01
5.712978550373077822e-14 2.960667605341805175e-01 6.710947127672327595e-01
5.712978550373077822e-14 2.819501717041918432e-01 1.055950851463080209e+00
7.141223187966347277e-15 2.762324352246700587e-01 9.920325557290438079e-01
8.569467825559617364e-14 2.837820738738560111e-01 8.297272000858261221e-01
7.855345506762982163e-14 2.883623825396739448e-01 1.321976733842701313e+00
2.856489275186538911e-14 3.003991239981969597e-01 6.902098182700183715e-01
1.142595710074615564e-13 3.065021572793720783e-01 5.038646509975905907e-01
4.284733912779808682e-14 2.931780745423572809e-01 9.211687368497691875e-01
3.570611593983173481e-14 2.834638405679293371e-01 5.232430513295364127e-01
7.141223187966346962e-14 2.913854650985413519e-01 9.944794272452706085e-01
2.856489275186538911e-14 3.008573425057524120e-01 6.682371544113002715e-01
2.142366956389904341e-14 2.886968412132178696e-01 1.211943657692756693e+00
5.712978550373077822e-14 2.866451174053349926e-01 7.128766844574326855e-01
0.000000000000000000e+00 2.795822232436667720e-01 7.142217939177737396e-01
5.712978550373077822e-14 2.654918165006528441e-01 6.389877159088208636e-01
2.142366956389904341e-14 2.618285656153309660e-01 5.512665257841183886e-01
2.856489275186538911e-14 2.667358046525505344e-01 5.575401234381296423e-01
6.427100869169711761e-14 2.714369962336575237e-01 3.380909871220226792e-01
3.570611593983173481e-14 2.731660228229461640e-01 3.660246882169939098e-01
4.284733912779808682e-14 2.736313197389250162e-01 3.753835068511792161e-01
1.142595710074615564e-13 2.732574219521140546e-01 1.837972955312935641e-01
2.142366956389904341e-14 2.712065905963008117e-01 2.996523618807245271e-01
7.855345506762982163e-14 2.758534458266924672e-01 3.719804057617007165e-01
8.569467825559617364e-14 2.836208907266462020e-01 1.771037946804695229e-01
2.142366956389904341e-14 2.822971154693139639e-01 5.713200494423387177e-01
5.712978550373077822e-14 2.817371026180763294e-01 4.167865387178228964e-01
5.712978550373077822e-14 2.832577079733065162e-01 4.467046282555479086e-01
1.428244637593269455e-14 2.816424962783306007e-01 3.490289168267108888e-01
8.569467825559617364e-14 2.791712109651313667e-01 4.988746777086020545e-01
7.855345506762982163e-14 2.832789366915922091e-01 5.606900466920607951e-01
1.428244637593269455e-14 2.874185671260561237e-01 3.178703921674057020e-01
1.142595710074615564e-13 2.877256674668275949e-01 2.074454215819158676e-01
4.284733912779808682e-14 2.868087016133756273e-01 3.451246148049764706e-01
2.856489275186538911e-14 2.847045487460670432e-01 3.304626228732191473e-01
6.427100869169711761e-14 2.842307362476944599e-01 2.954541143512326440e-01
2.856489275186538911e-14 2.878747893707424010e-01 2.372089752111536665e-01
7.141223187966347277e-15 2.955879328801795936e-01 4.791160761382171618e-01
4.284733912779808682e-14 3.052803748662555883e-01 5.280115993149010478e-01
0.000000000000000000e+00 3.085889979866691113e-01 2.632670395836739785e-01
4.284733912779808682e-14 3.043793676529242265e-01 2.817290476531637000e-01
7.141223187966347277e-15 3.035393377527497716e-01 3.682967159778259281e-01
2.856489275186538911e-14 3.042616424469070657e-01 4.002183630338325138e-01
5.712978550373077822e-14 2.954037435100174691e-01 5.293750996262983621e-01
2.142366956389904341e-14 2.791053413275771944e-01 6.239134096616952840e-01
4.284733912779808682e-14 2.660482371523650857e-01 4.740754509156230867e-01
1.214007941954278958e-13 2.603826153005016075e-01 4.458821325916182410e-01
0.000000000000000000e+00 2.642743482261127319e-01 3.097345797226955799e-01
7.855345506762982163e-14 2.685657900926258779e-01 3.431379178263753715e-01
8.569467825559617364e-14 2.691334649148894864e-01 3.819970999861027616e-01
2.856489275186538911e-14 2.690153285724748433e-01 2.104864865308512523e-01
5.712978550373077822e-14 2.626733272630455418e-01 2.998979175648505691e-01
5.712978550373077822e-14 2.556089314547472791e-01 3.095966440907365613e-01
3.570611593983173481e-14 2.579032735696850098e-01 2.872730902242425777e-01
8.569467825559617364e-14 2.595495402905252935e-01 2.840421635494422281e-01
7.855345506762982163e-14 2.501311565700656270e-01 5.180733124401549761e-01
0.000000000000000000e+00 2.375671249814961805e-01 4.059432922701973201e-01
1.214007941954278958e-13 2.354408908504850573e-01 2.491393973526710715e-01
4.284733912779808682e-14 2.409167497203966446e-01 2.394005058887141713e-01
2.142366956389904341e-14 2.460249222102163513e-01 3.167857424503062735e-01
4.284733912779808682e-14 2.485687526510659828e-01 3.244225695878439897e-01
2.856489275186538911e-14 2.499670915143692163e-01 3.325916272479161884e-01
0.000000000000000000e+00 2.529237226834180619e-01 2.040403943204235071e-01
2.856489275186538911e-14 2.536980351776905174e-01 2.213237675554410033e-01
0.000000000000000000e+00 2.445937608010604614e-01 4.449596801456755513e-01
2.856489275186538911e-14 2.308501063209560944e-01 3.099840388639433786e-01
0.000000000000000000e+00 2.291399968841703050e-01 3.013598770569396179e-01
2.856489275186538911e-14 2.358629304365524315e-01 2.357243132823273746e-01
4.284733912779808682e-14 2.383497583234387429e-01 1.851080015345007157e-01
7.141223187966347277e-15 2.367605889183187484e-01 2.463496763644479060e-01
4.998856231576443252e-14 2.322053794952441408e-01 2.992008955113775737e-01
1.214007941954278958e-13 2.300571874400048900e-01 4.075803500044067884e-01
7.141223187966347277e-15 2.333497564748148456e-01 2.890288335712573597e-01
7.855345506762982163e-14 2.298691010072650975e-01 2.828568711839331007e-01
9.283590144356251303e-14 2.191289862634351882e-01 3.335948036559928109e-01
4.998856231576443252e-14 2.117493917862779962e-01 2.660544172672471008e-01
5.712978550373077822e-14 2.104201182693323791e-01 2.525030660436644037e-01
5.712978550373077822e-14 2.129473396005193142e-01 2.295188612090177660e-01
4.998856231576443252e-14 2.167126719776144850e-01 2.871307386132797013e-01
9.283590144356251303e-14 2.189530876188977015e-01 3.047842831806545916e-01
7.855345506762982163e-14 2.161708472781575796e-01 2.213064205280907137e-01
1.428244637593269455e-14 2.126160105617633522e-01 2.513909250189506062e-01
1.214007941954278958e-13 2.156222948960108410e-01 2.801644023074689738e-01
4.998856231576443252e-14 2.185208558838995785e-01 2.213527460982052386e-01
7.141223187966347277e-15 2.165694004957155749e-01 2.694344757399940726e-01
4.284733912779808682e-14 2.158235398392290838e-01 3.065881019797451201e-01
2.856489275186538911e-14 2.174147675374347166e-01 1.496107887275786863e-01
7.141223187966347277e-15 2.157204124345722673e-01 3.058921510514019393e-01
2.142366956389904341e-14 2.136588190379508367e-01 2.841052558088740243e-01
0.000000000000000000e+00 2.110738338464527297e-01 2.071881323040240530e-01
2.142366956389904341e-14 2.089654907907030623e-01 2.086907937295136573e-01
7.141223187966347277e-15 2.106122799609446428e-01 2.655262530255681486e-01
2.856489275186538911e-14 2.158389629320845160e-01 2.688223147917828126e-01
3.570611593983173481e-14 2.235580320479910454e-01 2.263456886063359430e-01
0.000000000000000000e+00 2.283542132842379668e-01 1.405693591191980452e-01
4.998856231576443252e-14 2.270561803769907405e-01 1.670131996540503427e-01
1.214007941954278958e-13 2.239807350611901504e-01 1.287950372790480080e-01
1.428244637593269455e-14 2.208308180255134923e-01 3.185116430047162384e-01
7.855345506762982163e-14 2.203218860512465849e-01 3.896942915364436377e-01
9.283590144356251303e-14 2.216880212246811754e-01 2.691551633807981458e-01
5.712978550373077822e-14 2.244749945898985022e-01 2.691522501729887162e-01
7.141223187966346962e-14 2.309699998653323982e-01 2.178559849903906331e-01
7.141223187966346962e-14 2.366695942781017470e-01 2.997359735876881093e-01
5.712978550373077822e-14 2.394660375876862257e-01 3.034131015723521840e-01
9.283590144356251303e-14 2.424746998814882315e-01 2.244833138210509949e-01
7.855345506762982163e-14 2.444224980333283281e-01 1.806295517174122678e-01
2.856489275186538911e-14 2.436731489728020117e-01 1.760566297619914899e-01
1.214007941954278958e-13 2.437981462072342231e-01 3.022651532183206480e-01
4.998856231576443252e-14 2.433794916012502196e-01 2.829495824221938682e-01
0.000000000000000000e+00 2.388595385723994713e-01 3.582966885229866838e-01
3.570611593983173481e-14 2.342542605754642238e-01 2.826497362021521687e-01
2.856489275186538911e-14 2.341418608216738750e-01 2.679980096983120563e-01
1.428244637593269455e-14 2.374052723718649560e-01 2.976467698587205168e-01
7.141223187966347277e-15 2.411397369972662352e-01 4.122380324874601043e-01
0.000000000000000000e+00 2.434911614084522002e-01 2.898715056499516773e-01
