0.000000000000000000e+00 4.222560960756653881e-01 2.197285548035436339e-02
6.427100869169711761e-14 5.068214962293775550e-01 1.447928044449451335e+00
3.570611593983173481e-14 4.961906154783294332e-01 3.735994341052704115e-01
2.856489275186538911e-14 4.840770583848098552e-01 1.116221647655434523e+00
7.855345506762982163e-14 4.653330011363610574e-01 5.519088802340904598e-01
6.427100869169711761e-14 4.565142131541014003e-01 7.422913048961254923e-01
4.998856231576443252e-14 4.619685071530153508e-01 5.627977820406988574e-01
9.997712463152886504e-14 4.629811596977627675e-01 5.435048694848360062e-01
4.998856231576443252e-14 4.548912535060162798e-01 5.124622775751561665e-01
7.855345506762982163e-14 4.508338556681715792e-01 5.124362900073551330e-01
7.141223187966346962e-14 4.604136015478514365e-01 5.319161691154659088e-01
1.428244637593269455e-14 4.745824502635564435e-01 5.337079119607663902e-01
4.998856231576443252e-14 4.834691034000955234e-01 4.256794025410745030e-01
4.998856231576443252e-14 4.899854912867462331e-01 5.522829953111978440e-01
1.428244637593269455e-14 4.987577649605671737e-01 4.781342197520965787e-01
7.141223187966346962e-14 5.015124724398973832e-01 3.620051427369673225e-01
7.855345506762982163e-14 5.016658878292606927e-01 2.907598211390583498e-01
4.998856231576443252e-14 5.125420285096381479e-01 5.312295113127321056e-01
9.997712463152886504e-14 5.271481698177675757e-01 4.197364787609893511e-01
4.998856231576443252e-14 5.260396339316725234e-01 3.580754927394263487e-01
6.427100869169711761e-14 5.202476795721550085e-01 7.370532298268590576e-01
7.855345506762982163e-14 5.273181414626514352e-01 6.055643407858009031e-01
2.856489275186538911e-14 5.332370218962895203e-01 4.127215450382626383e-01
3.570611593983173481e-14 5.502131194865846897e-01 2.604418345619422759e+00
7.141223187966346962e-14 6.873164393357503732e-01 4.907118438971650676e+00
0.000000000000000000e+00 9.178142345754035647e-01 5.446296507979840662e+00
7.141223187966346962e-14 1.191313985245368468e+00 5.888218056867687622e+00
3.570611593983173481e-14 1.479912919203069555e+00 5.652430815002122522e+00
2.856489275186538911e-14 1.759511554140914091e+00 5.430714970347261250e+00
8.569467825559617364e-14 2.039300242886414871e+00 5.236318127811346201e+00
6.427100869169711761e-14 2.138409529278337828e+00 4.703412267918065659e+00
4.998856231576443252e-14 2.054874880999419506e+00 4.514960170245389648e+00
1.071183478194952044e-13 1.993550003290797346e+00 4.785528121532812484e+00
4.998856231576443252e-14 1.909679462882823531e+00 6.282928675241210570e+00
7.855345506762982163e-14 1.769484219393930413e+00 7.160004566988318331e+00
7.855345506762982163e-14 1.664023711678665363e+00 4.551876333965071630e+00
1.428244637593269455e-14 1.583650726813660148e+00 2.058041109968409721e+00
4.998856231576443252e-14 1.073799011181517660e+00 5.635203145310286210e+00
4.998856231576443252e-14 8.076607781580213974e-01 5.271275232424238233e+00
1.428244637593269455e-14 6.024124150913511277e-01 4.371781321414625943e+00
7.855345506762982163e-14 4.209910050881390253e-01 3.739258243799990389e+00
7.855345506762982163e-14 2.722208188054260902e-01 2.399577394763515947e+00
4.998856231576443252e-14 2.272720192921511562e-01 6.726081062948652267e-01
1.071183478194952044e-13 2.413825032017294092e-01 7.497191553026938404e-01
4.998856231576443252e-14 1.979776870033087555e-01 1.594820706494169515e+00
6.427100869169711761e-14 1.095395602327926682e-01 2.071199434551167506e+00
8.569467825559617364e-14 5.375429171956399438e-02 1.715545076294797244e+00
2.856489275186538911e-14 7.093689251132835605e-02 8.187378170614773021e-01
4.284733912779808682e-14 6.602744964193126009e-02 1.528775906957054564e+00
7.141223187966346962e-14 1.213798591524641313e-01 1.916063967372070520e+00
0.000000000000000000e+00 2.105679930834405134e-01 2.453970460809511422e+00
7.141223187966346962e-14 3.158473086086564519e-01 2.084853442903662035e+00
4.284733912779808682e-14 3.686692599742449339e-01 9.531801435150454305e-01
2.856489275186538911e-14 3.731418717682717379e-01 1.029999470166977238e+00
9.283590144356251303e-14 3.895697754123011447e-01 1.337498444500538231e+00
6.427100869169711761e-14 4.189763410116352782e-01 1.201126839181887673e+00
4.284733912779808682e-14 4.509076260719633300e-01 1.175885496976565303e+00
1.142595710074615564e-13 4.696841885715033471e-01 1.456528864081265695e+00
4.998856231576443252e-14 4.382539931007946032e-01 1.632108673196373649e+00
7.855345506762982163e-14 3.867854258767831621e-01 1.279525753737503324e+00
7.855345506762982163e-14 3.694662571513815386e-01 4.663762743456983939e-01
1.428244637593269455e-14 3.780133124767970920e-01 1.130399004526437601e+00
4.998856231576443252e-14 3.934376982767587294e-01 1.134607428557537601e+00
4.998856231576443252e-14 4.134474047301311406e-01 1.111447589397916103e+00
1.428244637593269455e-14 4.181441520616713814e-01 1.031726348056892339e+00
7.855345506762982163e-14 3.958245048365419683e-01 1.203550788259062143e+00
7.855345506762982163e-14 3.545896851578334008e-01 1.416916663791565334e+00
3.570611593983173481e-14 3.264290396650537662e-01 8.840331539050143572e-01
1.142595710074615564e-13 3.257966600122775835e-01 7.057853294421189139e-01
4.284733912779808682e-14 3.383637086969594199e-01 9.938688444328306337e-01
5.712978550373077822e-14 3.421663467229261180e-01 8.521499677797756966e-01
7.855345506762982163e-14 3.338759289838529321e-01 7.105834123020960957e-01
2.856489275186538911e-14 3.427294062715547929e-01 1.754817501773742183e+00
3.570611593983173481e-14 3.805030526524373347e-01 1.440597027598829571e+00
6.427100869169711761e-14 4.006934096758565933e-01 1.025265620701730107e+00
0.000000000000000000e+00 4.125650861682204074e-01 1.430161379620996875e+00
6.427100869169711761e-14 4.212576725102269992e-01 1.223191774663484832e+00
2.856489275186538911e-14 4.029113023429590212e-01 1.171654712209212912e+00
2.856489275186538911e-14 3.597179359432507995e-01 1.949169512814588057e+00
7.141223187966346962e-14 3.304308679113729941e-01 2.012372613107959118e+00
4.998856231576443252e-14 3.328510582934325335e-01 6.913332604133997084e-01
4.284733912779808682e-14 3.244417025796479948e-01 6.331161093225265990e-01
1.142595710074615564e-13 3.116469037088631100e-01 7.385058656147219791e-01
2.856489275186538911e-14 3.122623647749056541e-01 4.607716200732592249e-01
7.855345506762982163e-14 3.224290544483443544e-01 7.064296549620162624e-01
8.569467825559617364e-14 3.385679298221248579e-01 8.225165541855441464e-01
1.428244637593269455e-14 3.525588916824520802e-01 5.553707016134985519e-01
5.712978550373077822e-14 3.537731543608112483e-01 5.108343327542077539e-01
5.712978550373077822e-14 3.455047453854632189e-01 5.542582447647421695e-01
7.141223187966347277e-15 3.304964751333285267e-01 7.500064091840308311e-01
8.569467825559617364e-14 3.204022633173508883e-01 7.684225024677296956e-01
7.855345506762982163e-14 3.273577351365883903e-01 7.068910216729817897e-01
2.856489275186538911e-14 3.325779032874929264e-01 5.072701000088650769e-01
1.142595710074615564e-13 3.268952226635003511e-01 4.320660204231229762e-01
4.284733912779808682e-14 3.201503254394403863e-01 5.218280565693358408e-01
3.570611593983173481e-14 3.113738031627082403e-01 5.767987334910034125e-01
7.141223187966346962e-14 3.032408320409918367e-01 5.375210210676195643e-01
2.856489275186538911e-14 3.049373598839341115e-01 7.625180871754132506e-01
2.142366956389904341e-14 3.211396645416085827e-01 1.005352416108290514e+00
5.712978550373077822e-14 3.471035272420442963e-01 7.696793458280858369e-01
0.000000000000000000e+00 3.573535007429861632e-01 5.193833240577304666e-01
5.712978550373077822e-14 3.403849366212176042e-01 6.876032123015871633e-01
2.142366956389904341e-14 3.243754186848925580e-01 4.513997423545390575e-01
2.856489275186538911e-14 3.267376932127821210e-01 5.579804383156700132e-01
6.427100869169711761e-14 3.402658422037935226e-01 7.506789375302173051e-01
3.570611593983173481e-14 3.469081200159521705e-01 4.705839812564472924e-01
4.284733912779808682e-14 3.393264493436808915e-01 2.844543693756743652e-01
1.142595710074615564e-13 3.336098946386205633e-01 4.237037183407129648e-01
2.142366956389904341e-14 3.329769479122219322e-01 3.166787450243814805e-01
7.855345506762982163e-14 3.350394812905029829e-01 4.200256482898621080e-01
8.569467825559617364e-14 3.418921121643674343e-01 4.251603208012224022e-01
2.142366956389904341e-14 3.509638996673818956e-01 4.887302532399210864e-01
5.712978550373077822e-14 3.669046916471098707e-01 5.797857948684268514e-01
5.712978550373077822e-14 3.825200916117624250e-01 3.932437796830590138e-01
1.428244637593269455e-14 3.899090274981928950e-01 4.551529878697735398e-01
8.569467825559617364e-14 3.949859255702266592e-01 4.619153037692700914e-01
7.855345506762982163e-14 4.003762336731731541e-01 4.364552616684576614e-01
1.428244637593269455e-14 4.053881429780995527e-01 3.879954776840751629e-01
1.142595710074615564e-13 4.045605073298041421e-01 4.346993164455675851e-01
4.284733912779808682e-14 3.983822805964153391e-01 3.925962489555522850e-01
2.856489275186538911e-14 3.960732235629378373e-01 5.680914526950888721e-01
6.427100869169711761e-14 3.988146150714841909e-01 3.941893952837551285e-01
2.856489275186538911e-14 3.974222352089239463e-01 3.589557822695428335e-01
7.141223187966347277e-15 4.016471838837418762e-01 4.759572202675903529e-01
4.284733912779808682e-14 4.143045685904667708e-01 4.509637582731008676e-01
0.000000000000000000e+00 4.278658549885123175e-01 4.645299334358291565e-01
4.284733912779808682e-14 4.390638527435326011e-01 4.693258347154591337e-01
7.141223187966347277e-15 4.424028484344380008e-01 4.037123014751528571e-01
2.856489275186538911e-14 4.441854740119562939e-01 4.779068028474292573e-01
5.712978550373077822e-14 4.475934214007547540e-01 4.880552308067621081e-01
2.142366956389904341e-14 4.471719319363770540e-01 5.727454251870595092e-01
4.284733912779808682e-14 4.498189391707228535e-01 4.666591557896278553e-01
1.214007941954278958e-13 4.564441454293091116e-01 3.250877752376463148e-01
0.000000000000000000e+00 4.603783103683274369e-01 1.908691597100680426e-01
7.855345506762982163e-14 4.624499670892937564e-01 2.895355518825591390e-01
8.569467825559617364e-14 4.623815942200739104e-01 3.553490280432662352e-01
2.856489275186538911e-14 4.617370787396652410e-01 2.582834058742732308e-01
5.712978550373077822e-14 4.653063363208688186e-01 3.798024594237106033e-01
5.712978550373077822e-14 4.725733361544510180e-01 3.242847490181535730e-01
3.570611593983173481e-14 4.782413255105942840e-01 1.795808440743708601e-01
8.569467825559617364e-14 4.732707112434685337e-01 3.540025480805138458e-01
7.855345506762982163e-14 4.627983373912169518e-01 3.605278579424566199e-01
0.000000000000000000e+00 4.621349884925460283e-01 2.392461164348089753e-01
1.214007941954278958e-13 4.660944720492649629e-01 3.399316361645694506e-01
4.284733912779808682e-14 4.621343033021351188e-01 3.903541727363342706e-01
2.142366956389904341e-14 4.539397089395287299e-01 3.758241504817892986e-01
4.284733912779808682e-14 4.522569167778612842e-01 3.244294659322666807e-01
2.856489275186538911e-14 4.547899028348601491e-01 3.253254063933748719e-01
0.000000000000000000e+00 4.558167125100646699e-01 3.605915955184434418e-01
2.856489275186538911e-14 4.551060881176979822e-01 2.250935575659141763e-01
0.000000000000000000e+00 4.538991803759491184e-01 1.688616573592777725e-01
2.856489275186538911e-14 4.516710483622684569e-01 2.051094674904431203e-01
0.000000000000000000e+00 4.475591108969550480e-01 3.387882540739706183e-01
2.856489275186538911e-14 4.432784852659722996e-01 3.089008941956467025e-01
4.284733912779808682e-14 4.420886430798677269e-01 2.237501808180060170e-01
7.141223187966347277e-15 4.444515647970182504e-01 3.172799543122026278e-01
4.998856231576443252e-14 4.472473284527790360e-01 2.823274527450903570e-01
1.214007941954278958e-13 4.462464889163846871e-01 2.083920448805984538e-01
7.141223187966347277e-15 4.419652083285899868e-01 2.351737194670566189e-01
7.855345506762982163e-14 4.372548718566686143e-01 1.611158595076255529e-01
9.283590144356251303e-14 4.336695248939981817e-01 2.353449713212065753e-01
4.998856231576443252e-14 4.355809775718244570e-01 3.235566519329278745e-01
5.712978550373077822e-14 4.411421716563773132e-01 4.835129177230306219e-01
5.712978550373077822e-14 4.432558534138891226e-01 3.961007762059986503e-01
4.998856231576443252e-14 4.407585801500446543e-01 2.740349851427241745e-01
9.283590144356251303e-14 4.387073765015031546e-01 4.093841536157039607e-01
7.855345506762982163e-14 4.393384362072704774e-01 3.986423499506286383e-01
1.428244637593269455e-14 4.418967243327288075e-01 1.540919887105833275e-01
1.214007941954278958e-13 4.430245863620352331e-01 2.905760495427938128e-01
4.998856231576443252e-14 4.423406173349996862e-01 2.648686914693672567e-01
7.141223187966347277e-15 4.426827089620103961e-01 1.593704460195679573e-01
4.284733912779808682e-14 4.446041239232297326e-01 1.527988371777105059e-01
2.856489275186538911e-14 4.472592842721749840e-01 3.031093243375134194e-01
7.141223187966347277e-15 4.479801559923887178e-01 3.645371828826632910e-01
2.142366956389904341e-14 4.468324701799862297e-01 3.776748977880323710e-01
0.000000000000000000e+00 4.479488635361675297e-01 3.265751248116476324e-01
2.142366956389904341e-14 4.521937792852009919e-01 2.849621764511902633e-01
7.141223187966347277e-15 4.562626238472249351e-01 1.676129213385139372e-01
2.856489275186538911e-14 4.541502373064337794e-01 2.623368684386637173e-01
3.570611593983173481e-14 4.460590398919633826e-01 2.852141796806810792e-01
0.000000000000000000e+00 4.415971745006653237e-01 1.564933966736708759e-01
4.998856231576443252e-14 4.431207058894166551e-01 3.206535688418536423e-01
1.214007941954278958e-13 4.442993115955904959e-01 2.748423186002476037e-01
1.428244637593269455e-14 4.432019296111475160e-01 2.857651067207430673e-01
7.855345506762982163e-14 4.423925729827011266e-01 2.989416087961936364e-01
9.283590144356251303e-14 4.422929710469355458e-01 3.083513043276925325e-01
5.712978550373077822e-14 4.436215008820469374e-01 2.769565826690560395e-01
7.141223187966346962e-14 4.455897494907575251e-01 3.446581350438613356e-01
7.141223187966346962e-14 4.441068969672153921e-01 2.461343331525142064e-01
5.712978550373077822e-14 4.371711270659031645e-01 4.308533645329510331e-01
9.283590144356251303e-14 4.311092985452517068e-01 4.396357271339573214e-01
7.855345506762982163e-14 4.323509963400413159e-01 2.538124566938826376e-01
2.856489275186538911e-14 4.356839058520194929e-01 2.898649882759157248e-01
1.214007941954278958e-13 4.360033355924208820e-01 3.412813144372665031e-01
4.998856231576443252e-14 4.361040287384983505e-01 4.305540587394812713e-01
0.000000000000000000e+00 4.343483726519000165e-01 2.774142455917706918e-01
3.570611593983173481e-14 4.308763627028176502e-01 4.335276447754281559e-01
2.856489275186538911e-14 4.302463644401355869e-01 3.591374321880331233e-01
1.428244637593269455e-14 4.308424074329641473e-01 3.867991434681030127e-01
7.141223187966347277e-15 4.360412263583035575e-01 4.506408208558098094e-01
0.000000000000000000e+00 4.388385129391633721e-01 4.385866591248223645e-01
