#! FIELDS cmap fecmap dfecmap_cmap
#! SET normalisation  1.000000000000000000000000e+00
#! SET min_cmap 0.0
#! SET max_cmap 1.0
#! SET nbins_cmap  100
#! SET periodic_cmap false
 0.000000000000000000000000e+00 4.021481170291160367469274e+00 -5.209433083361219019025157e+01
 1.000000000000000020816682e-02 3.491072856919482436666158e+00 -4.896264170341938637420753e+01
 2.000000000000000041633363e-02 3.015181668785362312235065e+00 -4.553514731423848616032046e+01
 2.999999999999999888977698e-02 2.576889544325013048364781e+00 -4.204302681825664933512599e+01
 4.000000000000000083266727e-02 2.173963673318160871872351e+00 -3.854272069819869983575700e+01
 5.000000000000000277555756e-02 1.806004974410464036793655e+00 -3.504977838126313827160629e+01
 5.999999999999999777955395e-02 1.472929479273632935587557e+00 -3.156721179133731780552807e+01
 7.000000000000000666133815e-02 1.174618048042997742186344e+00 -2.809715995175158198549070e+01
 8.000000000000000166533454e-02 9.109395558129715908535218e-01 -2.464093613795342818661993e+01
 8.999999999999999666933093e-02 6.817497369765090908799721e-01 -2.119956451413238696090957e+01
 1.000000000000000055511151e-01 4.868961338160193719204472e-01 -1.777381282140875740083175e+01
 1.100000000000000005551115e-01 3.262193869802390011614079e-01 -1.436428071297047459609075e+01
 1.199999999999999955591079e-01 1.995549632457471744828581e-01 -1.097140655425613786633221e+01
 1.300000000000000044408921e-01 1.067347918721841537603723e-01 -7.595456524235888018381502e+00
 1.400000000000000133226763e-01 4.758915891186799029810572e-02 -4.236495718234262852774918e+00
 1.499999999999999944488849e-01 2.194870124586589810178339e-02 -8.943700063997312987851274e-01
 1.600000000000000033306691e-01 2.964688529672354633248688e-02 2.431326372576402938818774e+00
 1.700000000000000122124533e-01 7.050413308172664983430877e-02 5.739293558288697028046954e+00
 1.799999999999999933386619e-01 1.443691117137726465102787e-01 9.030680582323185490167816e+00
 1.900000000000000022204460e-01 2.510493464008458630587484e-01 1.230140830824925934905423e+01
 2.000000000000000111022302e-01 3.902927572960717128580654e-01 1.554018062790333942757570e+01
 2.099999999999999922284388e-01 5.616368364861168416268811e-01 1.871287718113304521239115e+01
 2.200000000000000011102230e-01 7.639821738432424069742410e-01 2.171853745680308733767561e+01
 2.300000000000000099920072e-01 9.946091757184696291460568e-01 2.429739784663011548104805e+01
 2.399999999999999911182158e-01 1.246316071647604495353789e+00 2.576921967002154190140573e+01
 2.500000000000000000000000e-01 1.501416369315086818403415e+00 2.463696216789597315255378e+01
 2.600000000000000088817842e-01 1.722448066764753704660507e+00 1.862894237999969604402395e+01
 2.700000000000000177635684e-01 1.854850095298462342441326e+00 7.409671778042516976370280e+00
 2.800000000000000266453526e-01 1.870144830298619886832512e+00 -3.789234283381224255293773e+00
 2.899999999999999800159856e-01 1.796300663532776731301510e+00 -1.038264494815203065058995e+01
 2.999999999999999888977698e-01 1.681982657265770342291944e+00 -1.247160119540413170113879e+01
 3.099999999999999977795540e-01 1.558160227260606767174522e+00 -1.240485262211122829967280e+01
 3.200000000000000066613381e-01 1.437850157164188402703076e+00 -1.189918536236214308132730e+01
 3.300000000000000155431223e-01 1.321670155696792470223500e+00 -1.150680535504514701017342e+01
 3.400000000000000244249065e-01 1.207481108265624492048573e+00 -1.140222976879610072842297e+01
 3.500000000000000333066907e-01 1.093127548139798399517986e+00 -1.145939533800990162148992e+01
 3.599999999999999866773237e-01 9.785931949350823444433445e-01 -1.140847162703070161171581e+01
 3.699999999999999955591079e-01 8.660675953376069102773727e-01 -1.102687796813336440493458e+01
 3.800000000000000044408921e-01 7.595534874584703999289559e-01 -1.019807278283330553847463e+01
 3.900000000000000133226763e-01 6.635436342830498546163653e-01 -8.921666748116217959818641e+00
 4.000000000000000222044605e-01 5.823825589838493854699664e-01 -7.252928220383324742215336e+00
 4.100000000000000310862447e-01 5.194443087151192628425633e-01 -5.290861512339136041305210e+00
 4.199999999999999844568777e-01 4.771962335151025413892967e-01 -3.134884108354250908945460e+00
 4.299999999999999933386619e-01 4.570453010370147950425235e-01 -8.890532068151947298062510e-01
 4.400000000000000022204460e-01 4.593533237867202245752196e-01 1.338037387675348410809306e+00
 4.500000000000000111022302e-01 4.833377869379269498040230e-01 3.424288234653636298077117e+00
 4.600000000000000199840144e-01 5.268889355405548258204362e-01 5.226031353739998941421163e+00
 4.700000000000000288657986e-01 5.863018423883055163514655e-01 6.573947327336701285105391e+00
 4.799999999999999822364316e-01 6.563492357356839335125187e-01 7.306020966572265074034931e+00
 4.899999999999999911182158e-01 7.301194526621221925211103e-01 7.325024944076689692451509e+00
 5.000000000000000000000000e-01 8.004347418424311300100271e-01 6.643107372605728144776549e+00
 5.100000000000000088817842e-01 8.613299035807031600597838e-01 5.483080937137359001098957e+00
 5.200000000000000177635684e-01 9.095573582896632203187437e-01 4.174183750783750923574189e+00
 5.300000000000000266453526e-01 9.454898562513402993090494e-01 3.013883738684112412187233e+00
 5.400000000000000355271368e-01 9.710801235309380885496466e-01 2.156175038795306253547324e+00
 5.500000000000000444089210e-01 9.891727169196631308523138e-01 1.488817742172844349468619e+00
 5.600000000000000532907052e-01 1.000837238888355962274090e+00 8.304547483156219378486185e-01
 5.700000000000000621724894e-01 1.005036681318517644001531e+00 -3.238020541971753374355103e-02
 5.799999999999999600319711e-01 9.997859166911293726798249e-01 -1.125815715529144389606131e+00
 5.899999999999999689137553e-01 9.825174784257733051617834e-01 -2.310848554595244408460530e+00
 5.999999999999999777955395e-01 9.541553336781083416440197e-01 -3.431818311046899605543103e+00
 6.099999999999999866773237e-01 9.156594891798111035541297e-01 -4.208629127296387828494062e+00
 6.199999999999999955591079e-01 8.709877435855508664985791e-01 -4.661692826002924228134816e+00
 6.300000000000000044408921e-01 8.232540048389989095767305e-01 -4.859922559945249354029784e+00
 6.400000000000000133226763e-01 7.741511781975987105397508e-01 -4.945052783645734528761295e+00
 6.500000000000000222044605e-01 7.239816620258778812058154e-01 -5.058917254117270445590293e+00
 6.600000000000000310862447e-01 6.727269899259598062712939e-01 -5.217458327951426610979979e+00
 6.700000000000000399680289e-01 6.197901918833679246745305e-01 -5.358997062282867318572244e+00
 6.800000000000000488498131e-01 5.658878887713774119561094e-01 -5.393041854925284539490349e+00
 6.900000000000000577315973e-01 5.125650280521618640250381e-01 -5.226365734035525179024262e+00
 7.000000000000000666133815e-01 4.621676433826502616852849e-01 -4.827961525501955009076482e+00
 7.099999999999999644728632e-01 4.165768950740824649869865e-01 -4.246030280530272094097199e+00
 7.199999999999999733546474e-01 3.773050673540083721491101e-01 -3.595682817215356319451303e+00
 7.299999999999999822364316e-01 3.445522914513663437219293e-01 -2.972176906494669257341457e+00
 7.399999999999999911182158e-01 3.172498616187855446924004e-01 -2.507107629379603963570844e+00
 7.500000000000000000000000e-01 2.936590554398597063823217e-01 -2.246504485678364027023690e+00
 7.600000000000000088817842e-01 2.716231873420520415152168e-01 -2.190465602525438093550747e+00
 7.700000000000000177635684e-01 2.493142205760081608900691e-01 -2.289260072787210553713066e+00
 7.800000000000000266453526e-01 2.255891127951938912588048e-01 -2.482226933507210464568971e+00
 7.900000000000000355271368e-01 1.996747810758687791121702e-01 -2.705545939014662337740447e+00
 8.000000000000000444089210e-01 1.714265096761131701441627e-01 -2.944309037816300822498761e+00
 8.100000000000000532907052e-01 1.408112784342430146011793e-01 -3.169699927513077497565064e+00
 8.200000000000000621724894e-01 1.083206098429183583675695e-01 -3.304889852384595094747510e+00
 8.300000000000000710542736e-01 7.537020697451257689181148e-02 -3.247722201534325225935618e+00
 8.399999999999999689137553e-01 4.443007254964559393783929e-02 -2.881005545925893862602152e+00
 8.499999999999999777955395e-01 1.903700900998295253430115e-02 -2.135092494147822428374184e+00
 8.599999999999999866773237e-01 3.047447690580185053477180e-03 -1.006832601440303731621384e+00
 8.699999999999999955591079e-01 0.000000000000000000000000e+00 4.386594573057074897270979e-01
 8.800000000000000044408921e-01 1.259773303140665490218453e-02 2.079702574941060699842410e+00
 8.900000000000000133226763e-01 4.197769183555077887604057e-02 3.792286023758363988633846e+00
 9.000000000000000222044605e-01 8.817366754346611656956156e-02 5.407321129826969219323018e+00
 9.100000000000000310862447e-01 1.494033424609177984621056e-01 6.785113682450052863259771e+00
 9.200000000000000399680289e-01 2.226701165702111850919209e-01 7.796497880919427636570163e+00
 9.300000000000000488498131e-01 3.039618233620569043296200e-01 8.379762456706236761760920e+00
 9.400000000000000577315973e-01 3.890726721652990605093692e-01 8.586517310144223813495046e+00
 9.500000000000000666133815e-01 4.750464424893401371718937e-01 8.582485512753768475135985e+00
 9.599999999999999644728632e-01 5.612165102435158203775245e-01 8.616960109723217797750294e+00
 9.699999999999999733546474e-01 6.489410623439981762317075e-01 8.991289102926637966106682e+00
 9.799999999999999822364316e-01 7.427118407689716761410637e-01 9.842179702261075746605457e+00
 9.899999999999999911182158e-01 8.476613464646662876589289e-01 1.122340128936542846815883e+01
 1.000000000000000000000000e+00 9.690146842636204738141714e-01 1.309077377043238676890269e+01
