#! FIELDS cmap fecmap dfecmap_cmap
#! SET normalisation  1.000000000000000000000000e+00
#! SET min_cmap 0.0
#! SET max_cmap 1.0
#! SET nbins_cmap  100
#! SET periodic_cmap false
 0.000000000000000000000000e+00 7.499627460174536963677383e+00 -9.358951436765176268295363e+00
 1.000000000000000020816682e-02 7.412194417785157085631909e+00 -8.191888969462100433815976e+00
 2.000000000000000041633363e-02 7.334393072430920312854141e+00 -7.414959720049666636043639e+00
 2.999999999999999888977698e-02 7.262883230116398358688912e+00 -6.914745280715398401127914e+00
 4.000000000000000083266727e-02 7.195563560489370402706300e+00 -6.553274843213732658853132e+00
 5.000000000000000277555756e-02 7.131717770459435001839665e+00 -6.203356416913384130396025e+00
 5.999999999999999777955395e-02 7.071663990249994924397470e+00 -5.783182853634839304390880e+00
 7.000000000000000666133815e-02 7.016197576716642458904971e+00 -5.268018154003103248328443e+00
 8.000000000000000166533454e-02 6.966519871827242305073469e+00 -4.644732719431933887221930e+00
 8.999999999999999666933093e-02 6.923406281000208828402265e+00 -3.949272876887540029144930e+00
 1.000000000000000055511151e-01 6.887528369040121667410403e+00 -3.215448743463896974503768e+00
 1.100000000000000005551115e-01 6.858686389603599664610556e+00 -2.533400992387246475345819e+00
 1.199999999999999955591079e-01 6.836175885569404364616730e+00 -1.993702237744670924257662e+00
 1.300000000000000044408921e-01 6.817016393935341866949784e+00 -1.813716217548425824190872e+00
 1.400000000000000133226763e-01 6.797890938519715930965504e+00 -2.096054532533555558870830e+00
 1.499999999999999944488849e-01 6.772825954270505377508016e+00 -2.999963787096439737922537e+00
 1.600000000000000033306691e-01 6.735583377652517356182216e+00 -4.512543526014338723939545e+00
 1.700000000000000122124533e-01 6.681250786546244491148627e+00 -6.379123707757043071353564e+00
 1.799999999999999933386619e-01 6.607866395603938514113906e+00 -8.238176105199661591882432e+00
 1.900000000000000022204460e-01 6.495405657987334713254768e+00 -1.144811532515612562121987e+01
 2.000000000000000111022302e-01 6.369054761845720058488496e+00 -1.380388524478784795235242e+01
 2.099999999999999922284388e-01 6.217655543328135081537766e+00 -1.632417366655499790795147e+01
 2.200000000000000011102230e-01 6.041448479923470671337782e+00 -1.891354568930110247038101e+01
 2.300000000000000099920072e-01 5.838581398560249269280575e+00 -2.143983205569195149564621e+01
 2.399999999999999911182158e-01 5.613540220602851960052249e+00 -2.337721578397058053155888e+01
 2.500000000000000000000000e-01 5.353814186443501377254961e+00 -2.545276246395568620073391e+01
 2.600000000000000088817842e-01 5.093538146177353453936121e+00 -2.600939667103043717588662e+01
 2.700000000000000177635684e-01 4.834592003211298560927389e+00 -2.566086323376796585193915e+01
 2.800000000000000266453526e-01 4.544625317987627255433836e+00 -2.674461260682040730785047e+01
 2.899999999999999800159856e-01 4.278185845234676598636270e+00 -2.655514450033897588809850e+01
 2.999999999999999888977698e-01 3.997885412519139425313597e+00 -2.726791123073492073558555e+01
 3.099999999999999977795540e-01 3.722588728798814194931310e+00 -2.764082242330731631341223e+01
 3.200000000000000066613381e-01 3.441428310998679407362033e+00 -2.803788133660903980626244e+01
 3.300000000000000155431223e-01 3.160707547689081131636613e+00 -2.797346702085016190153510e+01
 3.400000000000000244249065e-01 2.882704497766330309360683e+00 -2.740002959071210852926015e+01
 3.500000000000000333066907e-01 2.613371730751290922256658e+00 -2.626728729787082627922246e+01
 3.599999999999999866773237e-01 2.358515474509080167564434e+00 -2.462379531958244527345414e+01
 3.699999999999999955591079e-01 2.122021662924117979542871e+00 -2.261474513576431277783740e+01
 3.800000000000000044408921e-01 1.906920562631722049218297e+00 -2.036285923876824455192036e+01
 3.900000000000000133226763e-01 1.714604635996187287361181e+00 -1.800417406130728892321713e+01
 4.000000000000000222044605e-01 1.545664194487110343345648e+00 -1.564874984377424382842037e+01
 4.100000000000000310862447e-01 1.399901066352906120471289e+00 -1.338813719332836171815870e+01
 4.199999999999999844568777e-01 1.276781263012147782376360e+00 -1.127110192812242495108421e+01
 4.299999999999999933386619e-01 1.173125110948060267901383e+00 -9.486380460023170257954916e+00
 4.400000000000000022204460e-01 1.085278037516470561740789e+00 -8.174133407034103626642718e+00
 4.500000000000000111022302e-01 1.007215763930848773100024e+00 -7.538064768219147282479753e+00
 4.600000000000000199840144e-01 9.317361705675759608880071e-01 -7.689340925490261824393201e+00
 4.700000000000000288657986e-01 8.506853128019056242692386e-01 -8.602899494140478608983358e+00
 4.799999999999999822364316e-01 7.580910515883942935033701e-01 -9.946315874064181272729002e+00
 4.899999999999999911182158e-01 6.519948799543211492846240e-01 -1.120674424478692721152129e+01
 5.000000000000000000000000e-01 5.358563661149622348034427e-01 -1.188988873159837211801459e+01
 5.100000000000000088817842e-01 4.169172472953528441053095e-01 -1.174821664131875209591271e+01
 5.200000000000000177635684e-01 3.035468722190319823539539e-01 -1.080096339878111422194706e+01
 5.300000000000000266453526e-01 2.029727057919012978004503e-01 -9.227336600626586005091667e+00
 5.400000000000000355271368e-01 1.203358241153074104090592e-01 -7.249933692636954418730966e+00
 5.500000000000000444089210e-01 5.847460087568556730275304e-02 -5.086620799949595372879685e+00
 5.600000000000000532907052e-01 1.859635698900419242818316e-02 -2.900178770801250749400424e+00
 5.700000000000000621724894e-01 0.000000000000000000000000e+00 -8.507318606438402097680296e-01
 5.799999999999999600319711e-01 6.505243233645430223077710e-04 9.261311999294208341382273e-01
 5.899999999999999689137553e-01 1.712918069342528326615138e-02 2.299438036189649814389213e+00
 5.999999999999999777955395e-01 4.493633725544121659822849e-02 3.175201258750524058172005e+00
 6.099999999999999866773237e-01 7.872801921282324144613085e-02 3.482603699286343612584460e+00
 6.199999999999999955591079e-01 1.127121232261192318446774e-01 3.221531784890575345059460e+00
 6.300000000000000044408921e-01 1.414823287873110402301791e-01 2.456006948490718322375415e+00
 6.400000000000000133226763e-01 1.606469707916069467046327e-01 1.334909618560409461096583e+00
 6.500000000000000222044605e-01 1.675728459776992806951057e-01 5.488071096070418208867636e-02
 6.600000000000000310862447e-01 1.619662847129852423222474e-01 -1.147276307708472886659479e+00
 6.700000000000000399680289e-01 1.455631121220060109067163e-01 -2.075143391154562255707106e+00
 6.800000000000000488498131e-01 1.217780176880545184303628e-01 -2.611208759934534828772712e+00
 6.900000000000000577315973e-01 9.476202649058684812644060e-02 -2.724605891973594484767318e+00
 7.000000000000000666133815e-01 6.858559544423492582154722e-02 -2.464034743041109365435659e+00
 7.099999999999999644728632e-01 4.661322404019685450293764e-02 -1.929974838608285114815999e+00
 7.199999999999999733546474e-01 3.091983535338993505092731e-02 -1.224997433248434353103562e+00
 7.299999999999999822364316e-01 2.255988034474931680506415e-02 -4.492355014599959672771945e-01
 7.399999999999999911182158e-01 2.182551427915413455593807e-02 2.830244391358735511765587e-01
 7.500000000000000000000000e-01 2.787645215207579241223357e-02 9.154186455059125648858753e-01
 7.600000000000000088817842e-01 3.979024017285759384776611e-02 1.439828053821170739112745e+00
 7.700000000000000177635684e-01 5.655927904852386944867249e-02 1.905357919316764236938866e+00
 7.800000000000000266453526e-01 7.801590490335907901453538e-02 2.376086668784295419243335e+00
 7.900000000000000355271368e-01 1.045553635874894027324444e-01 2.949814318424595072087868e+00
 8.000000000000000444089210e-01 1.374590541616358407850385e-01 3.638659761606435338876508e+00
 8.100000000000000532907052e-01 1.776458948998387299411661e-01 4.391210850323472136835790e+00
 8.200000000000000621724894e-01 2.250836995970262321975497e-01 5.052971019359318916031043e+00
 8.300000000000000710542736e-01 2.775312065407193884425396e-01 5.384590300613457891643066e+00
 8.399999999999999689137553e-01 3.309190491048257243278385e-01 5.186130863803770196795995e+00
 8.499999999999999777955395e-01 3.791319186062613866283755e-01 4.349908002139046381273602e+00
 8.599999999999999866773237e-01 4.164458097044736462066794e-01 2.995761224415461665415705e+00
 8.699999999999999955591079e-01 4.390239800680362236562360e-01 1.529657061472913470723256e+00
 8.800000000000000044408921e-01 4.479268516332393090806363e-01 3.067961218543122092761166e-01
 8.900000000000000133226763e-01 4.468440610152022429701901e-01 -4.624296499182909414571441e-01
 9.000000000000000222044605e-01 4.404591783623779122081032e-01 -8.435416696377620038305167e-01
 9.100000000000000310862447e-01 4.313572202807245403732850e-01 -9.749607510685813771544872e-01
 9.200000000000000399680289e-01 4.211649816794889034099469e-01 -1.079661692022762409237657e+00
 9.300000000000000488498131e-01 4.097559967651065448990266e-01 -1.201295206272118720747244e+00
 9.400000000000000577315973e-01 3.974352194908439273035583e-01 -1.234302618677405538605285e+00
 9.500000000000000666133815e-01 3.861030675312688842382158e-01 -9.698980324765552607502173e-01
 9.599999999999999644728632e-01 3.800241497293157522108231e-01 -2.409104629174618761311422e-01
 9.699999999999999733546474e-01 3.839496675287392690734123e-01 1.116602102171930566143487e+00
 9.799999999999999822364316e-01 4.043023507703527030798796e-01 3.037702381895998726690777e+00
 9.899999999999999911182158e-01 4.463675245866998153587701e-01 5.444581963325934026443065e+00
 1.000000000000000000000000e+00 5.144865033821472977138001e-01 8.232635836029039921868389e+00
