#! FIELDS cmap fecmap dfecmap_cmap
#! SET normalisation  1.000000000000000000000000e+00
#! SET min_cmap 0.0
#! SET max_cmap 1.0
#! SET nbins_cmap  100
#! SET periodic_cmap false
 0.000000000000000000000000e+00 7.769156118824121826094142e+00 -1.445013335366036777429599e+01
 1.000000000000000020816682e-02 7.626573740853341831780199e+00 -1.345875927042835940028453e+01
 2.000000000000000041633363e-02 7.496264802520872905233773e+00 -1.262854150240998230003697e+01
 2.999999999999999888977698e-02 7.372566923880624401022033e+00 -1.216598769268719948399848e+01
 4.000000000000000083266727e-02 7.237819604018574715098566e+00 -1.312711368014259960546042e+01
 5.000000000000000277555756e-02 7.100006496671587896685196e+00 -1.440129021203096471026583e+01
 5.999999999999999777955395e-02 6.946918940772616402057338e+00 -1.629685831317192068468103e+01
 7.000000000000000666133815e-02 6.769188990827904817138005e+00 -1.873634455641637330813865e+01
 8.000000000000000166533454e-02 6.570989761150364927289047e+00 -2.080770937381706886526445e+01
 8.999999999999999666933093e-02 6.355454394516215188559727e+00 -2.214792486986888064848245e+01
 1.000000000000000055511151e-01 6.131152623536307189056060e+00 -2.253782978607664588821535e+01
 1.100000000000000005551115e-01 5.907691338073148834553194e+00 -2.201453865499976458863785e+01
 1.199999999999999955591079e-01 5.693258642957649939830844e+00 -2.076291096380240830399089e+01
 1.300000000000000044408921e-01 5.494177219726674721300697e+00 -1.898005928962450994390565e+01
 1.400000000000000133226763e-01 5.314868310558291675249620e+00 -1.683155501108937812659860e+01
 1.499999999999999944488849e-01 5.158253487607522558278106e+00 -1.444419979042957002945968e+01
 1.600000000000000033306691e-01 5.026456356227324562269132e+00 -1.189279380626800275422283e+01
 1.700000000000000122124533e-01 4.920731630304515213936156e+00 -9.239248385548053832394544e+00
 1.799999999999999933386619e-01 4.841860320630459568747028e+00 -6.528906859798689232832203e+00
 1.900000000000000022204460e-01 4.790211226919890208364450e+00 -3.800878816038852026082395e+00
 2.000000000000000111022302e-01 4.765762933981880777878359e+00 -1.096415617697059863289155e+00
 2.099999999999999922284388e-01 4.768029642150325209115636e+00 1.531676420930714099810643e+00
 2.200000000000000011102230e-01 4.795895102839271118000397e+00 4.007732809955921737810058e+00
 2.300000000000000099920072e-01 4.847317419739371580078569e+00 6.221372534674483034677905e+00
 2.399999999999999911182158e-01 4.918938299684976200865094e+00 8.018342603868573448266943e+00
 2.500000000000000000000000e-01 5.004794329496371929622001e+00 9.113824581327909513106533e+00
 2.600000000000000088817842e-01 5.097668273502045543921213e+00 9.324461959270166744317976e+00
 2.700000000000000177635684e-01 5.127966501550597300251866e+00 1.985106742326074202864561e+00
 2.800000000000000266453526e-01 5.098694820648653092121094e+00 -8.574590522662285607680133e+00
 2.899999999999999800159856e-01 4.944808944530131533667827e+00 -2.221230414347726878077083e+01
 2.999999999999999888977698e-01 4.665625128667675980409513e+00 -3.266340234413657128698105e+01
 3.099999999999999977795540e-01 4.306376523077554807628076e+00 -3.734025743896781790454042e+01
 3.200000000000000066613381e-01 3.929251249611683149964847e+00 -3.757910313008946445734182e+01
 3.300000000000000155431223e-01 3.561743181790224532790035e+00 -3.568320219450519914516917e+01
 3.400000000000000244249065e-01 3.218295299213583149366968e+00 -3.285317635159825044866011e+01
 3.500000000000000333066907e-01 2.905645274288593871148123e+00 -2.961684807513679373869309e+01
 3.599999999999999866773237e-01 2.626369320332540446827352e+00 -2.621321169381550220123245e+01
 3.699999999999999955591079e-01 2.381516024727262426097241e+00 -2.275285861770119666402934e+01
 3.800000000000000044408921e-01 2.171286011838360785475288e+00 -1.929380556675275215638976e+01
 3.900000000000000133226763e-01 1.995495459394742709946513e+00 -1.586935806830746642503982e+01
 4.000000000000000222044605e-01 1.853598978464983559888424e+00 -1.251204982702661894222729e+01
 4.100000000000000310862447e-01 1.744820391152906324805372e+00 -9.251542209504792779739546e+00
 4.199999999999999844568777e-01 1.667799059154947194372198e+00 -6.145898034329579040502267e+00
 4.299999999999999933386619e-01 1.621064151596281810441269e+00 -3.236016585952424584604614e+00
 4.400000000000000022204460e-01 1.601933480066001003194742e+00 -6.344877579490029173570065e-01
 4.500000000000000111022302e-01 1.606517907473775430560181e+00 1.491597584254042763163284e+00
 4.600000000000000199840144e-01 1.629261862742660937897199e+00 2.920543843668101491317657e+00
 4.700000000000000288657986e-01 1.661383271502844927169917e+00 3.302055866938586436987180e+00
 4.799999999999999822364316e-01 1.690467941894506331834691e+00 2.262886128772738203451809e+00
 4.899999999999999911182158e-01 1.701118617470403826530401e+00 -3.536389815274437187220258e-01
 5.000000000000000000000000e-01 1.679452548276864298770761e+00 -4.077717896102041272854422e+00
 5.100000000000000088817842e-01 1.619231307848176371066984e+00 -7.840985652331334598841295e+00
 5.200000000000000177635684e-01 1.525999907399823385389936e+00 -1.055115353515927445471334e+01
 5.300000000000000266453526e-01 1.413024001545902130771992e+00 -1.177461186609244059297907e+01
 5.400000000000000355271368e-01 1.294201012885238810667943e+00 -1.172726913191036679506851e+01
 5.500000000000000444089210e-01 1.180710379524464670453199e+00 -1.081741269303359587183877e+01
 5.600000000000000532907052e-01 1.079064154005927811397214e+00 -9.460208983582875319484629e+00
 5.700000000000000621724894e-01 9.916602391059043952736829e-01 -8.009863738091748786018798e+00
 5.799999999999999600319711e-01 9.182396253832711963127622e-01 -6.742578278270560332430250e+00
 5.899999999999999689137553e-01 8.556206780143078560740832e-01 -5.835994077743973384997389e+00
 5.999999999999999777955395e-01 7.995408816327369549981086e-01 -5.451155804843068608533940e+00
 6.099999999999999866773237e-01 7.446563700803556784535431e-01 -5.602739839991744297265086e+00
 6.199999999999999955591079e-01 6.859621659779433500148116e-01 -6.176196235403028644839196e+00
 6.300000000000000044408921e-01 6.205338970235310114276217e-01 -6.901642777899433589539058e+00
 6.400000000000000133226763e-01 5.483384415941845446695879e-01 -7.489319721274159569190942e+00
 6.500000000000000222044605e-01 4.718556192124534476306508e-01 -7.732029984123752974767285e+00
 6.600000000000000310862447e-01 3.949521922998577849739377e-01 -7.564569409202925420743213e+00
 6.700000000000000399680289e-01 3.216782941760412128928692e-01 -7.031433326858587129493117e+00
 6.800000000000000488498131e-01 2.550992788595447535726635e-01 -6.249135638564885297796536e+00
 6.900000000000000577315973e-01 1.970911791295204551488496e-01 -5.339232611764107794272149e+00
 7.000000000000000666133815e-01 1.483649611299231452221647e-01 -4.404381129908619740831455e+00
 7.099999999999999644728632e-01 1.087992968274082983271001e-01 -3.515040810360567480330474e+00
 7.199999999999999733546474e-01 7.772835676810441185580203e-02 -2.712415042685223820484453e+00
 7.299999999999999822364316e-01 5.418982755402357298635252e-02 -2.021470602081675949079909e+00
 7.399999999999999911182158e-01 3.690259886568636460424386e-02 -1.453122403547586483085752e+00
 7.500000000000000000000000e-01 2.468159670813019346269357e-02 -1.016165283522518336667417e+00
 7.600000000000000088817842e-01 1.617550204011308778717648e-02 -7.106163312933770903612185e-01
 7.700000000000000177635684e-01 1.011374892420757731770209e-02 -5.152612616278859913876431e-01
 7.800000000000000266453526e-01 5.606654288004442321380338e-03 -3.920262457911707909552490e-01
 7.900000000000000355271368e-01 2.227074952608987246094330e-03 -2.821533131275307804131103e-01
 8.000000000000000444089210e-01 1.426918757783113278492237e-04 -1.286078153999291873166300e-01
 8.100000000000000532907052e-01 0.000000000000000000000000e+00 1.145165168793021992499348e-01
 8.200000000000000621724894e-01 2.825070682205499394967774e-03 4.614887255823604816917793e-01
 8.300000000000000710542736e-01 9.615231357924081123655924e-03 9.093936765266737998203439e-01
 8.399999999999999689137553e-01 2.130554268073492352186804e-02 1.438573553443265096163373e+00
 8.499999999999999777955395e-01 3.867174676549556266991203e-02 2.033787165275496189309479e+00
 8.599999999999999866773237e-01 6.231756659205878179363935e-02 2.691467048691509766911167e+00
 8.699999999999999955591079e-01 9.282291019981148139095239e-02 3.414535160834384353023552e+00
 8.800000000000000044408921e-01 1.308741651633553715328162e-01 4.196524515236605523682556e+00
 8.900000000000000133226763e-01 1.770453524309543169579229e-01 5.032207870900318624762804e+00
 9.000000000000000222044605e-01 2.318323760773317587791098e-01 5.905719032537944279681597e+00
 9.100000000000000310862447e-01 2.954713406217353011129489e-01 6.803397039938611889908771e+00
 9.200000000000000399680289e-01 3.680785512901962874821038e-01 7.706684796388153735335891e+00
 9.300000000000000488498131e-01 4.497231190728587790772508e-01 8.596029564817266432896758e+00
 9.400000000000000577315973e-01 5.402017210953697912145799e-01 9.482550617569726725264445e+00
 9.500000000000000666133815e-01 6.395301363035486019725795e-01 1.037992812514926121991721e+01
 9.599999999999999644728632e-01 7.481081095115085233260288e-01 1.130209584039415737777290e+01
 9.699999999999999733546474e-01 8.664259732902115374031382e-01 1.229196246256456248602262e+01
 9.799999999999999822364316e-01 9.952163783025325116682325e-01 1.341281704439689015373460e+01
 9.899999999999999911182158e-01 1.135998375342286870193220e+00 1.470231237265116241985652e+01
 1.000000000000000000000000e+00 1.290532149666621108963227e+00 1.620567045616560974963249e+01
