#! FIELDS proj feproj dfeproj_proj
#! SET normalisation  1.000000000000000000000000e+00
#! SET min_proj 64
#! SET max_proj 74
#! SET nbins_proj  200
#! SET periodic_proj false
 6.400000000000000000000000e+01 1.462017345212859709135955e+01 3.368925159391059076519070e-02
 6.404999999999999715782906e+01 1.608064855952834193431045e+01 -2.434758969885841839442264e-02
 6.409999999999999431565811e+01 1.606362399331083423703603e+01 -5.492781179058705554041353e-01
 6.415000000000000568434189e+01 1.603656293711983593652803e+01 -5.080715701341645962330063e-01
 6.420000000000000284217094e+01 1.600772904951436004239440e+01 -7.032460724612725755378051e-01
 6.425000000000000000000000e+01 1.596915832093486820042472e+01 -7.380870240865998743728937e-01
 6.429999999999999715782906e+01 1.594161003319047864579261e+01 -3.734415802058608235824977e-01
 6.434999999999999431565811e+01 1.592398897182780714842920e+01 -4.091946125517914034652733e-01
 6.440000000000000568434189e+01 1.590223862411205146827342e+01 -3.666886504640712862723717e-01
 6.445000000000000284217094e+01 1.589432254173999226054548e+01 3.165855024786634608346958e-02
 6.450000000000000000000000e+01 1.589668908904057076370009e+01 -2.759247912625524892793472e-02
 6.454999999999999715782906e+01 1.588973632178668538017519e+01 -2.132837950370317647852403e-01
 6.459999999999999431565811e+01 1.587856234867727067694432e+01 -2.328205446232671782524903e-01
 6.465000000000000568434189e+01 1.586510066352627390529051e+01 -3.204475546903509663998477e-01
 6.470000000000000284217094e+01 1.584616767852734753319055e+01 -4.331754949156513823105286e-01
 6.475000000000000000000000e+01 1.582259662244472053771460e+01 -5.124852581139663909581827e-01
 6.479999999999999715782906e+01 1.579307332369578631414697e+01 -6.887188092847912335159322e-01
 6.484999999999999431565811e+01 1.575587878516708251197542e+01 -7.330199398037782199111234e-01
 6.490000000000000568434189e+01 1.572706077761541543225121e+01 -3.786828664266696509166366e-01
 6.495000000000000284217094e+01 1.571773158419130922425211e+01 -2.910172464422258395422283e-02
 6.500000000000000000000000e+01 1.571970209677252050539664e+01 4.616260101122652420579939e-02
 6.504999999999999715782906e+01 1.571348219307834526148326e+01 -3.982864880676597607589429e-01
 6.509999999999999431565811e+01 1.567606703651476252048269e+01 -1.026360351989835217878522e+00
 6.515000000000000568434189e+01 1.562611470406270086641598e+01 -8.285958258753954863706781e-01
 6.520000000000000284217094e+01 1.559493055951375417578220e+01 -5.485971571678304181673980e-01
 6.525000000000000000000000e+01 1.555378547089325635965906e+01 -1.200231355845154945782838e+00
 6.529999999999999715782906e+01 1.548221208149742444959429e+01 -1.459806948771156243083169e+00
 6.534999999999999431565811e+01 1.542632630737539756182741e+01 -6.853207560099544570775265e-01
 6.540000000000000568434189e+01 1.541149707242341193591528e+01 -1.552595184212529622058696e-02
 6.545000000000000284217094e+01 1.541155545977212426578262e+01 -1.066656305377729763161909e-01
 6.550000000000000000000000e+01 1.539279200877649067535913e+01 -6.764949561198833061226310e-01
 6.554999999999999715782906e+01 1.534520750734471405962722e+01 -1.171427438916031738003198e+00
 6.559999999999999431565811e+01 1.528555868105652493227353e+01 -1.093815514409286926422737e+00
 6.565000000000000568434189e+01 1.524506881318985662687737e+01 -4.922974555759165316004555e-01
 6.570000000000000284217094e+01 1.523484516879027239610878e+01 4.655978722367812294713474e-02
 6.575000000000000000000000e+01 1.524763303425299199034271e+01 4.545855282644989392437651e-01
 6.579999999999999715782906e+01 1.527703061991465105506904e+01 6.344573213426853985907883e-01
 6.584999999999999431565811e+01 1.529715001464628443272886e+01 1.736853182381109181320333e-02
 6.590000000000000568434189e+01 1.527275315916847731045891e+01 -9.211730351662269500323532e-01
 6.595000000000000284217094e+01 1.522155462210771048603419e+01 -9.507605999389163731194685e-01
 6.600000000000000000000000e+01 1.518720746994403114626948e+01 -4.348142783335944838718490e-01
 6.604999999999999715782906e+01 1.516945510440043776156926e+01 -3.895507586118108767081480e-01
 6.609999999999999431565811e+01 1.514184258471401811618762e+01 -7.079942596492985185108182e-01
 6.615000000000000568434189e+01 1.510505022968657584669927e+01 -6.785744539643804307260666e-01
 6.620000000000000284217094e+01 1.508014753779884742357353e+01 -3.022953499774527208465713e-01
 6.625000000000000000000000e+01 1.507219547974113638133531e+01 -6.589006136973508953591505e-02
 6.629999999999999715782906e+01 1.507013596125821841553716e+01 -2.768961506636265917924433e-02
 6.634999999999999431565811e+01 1.506922205183668950212450e+01 -2.544340486014665461689255e-02
 6.640000000000000568434189e+01 1.506355062091342489338786e+01 -2.562586643909095518445440e-01
 6.645000000000000284217094e+01 1.504061440279808081754709e+01 -6.507640271741406134964336e-01
 6.650000000000000000000000e+01 1.500392222995390056894394e+01 -7.416308721934228298522385e-01
 6.654999999999999715782906e+01 1.497193093011273923309545e+01 -5.353995959098223345051792e-01
 6.659999999999999431565811e+01 1.494532176320022109905494e+01 -6.080641303137058750749588e-01
 6.665000000000000568434189e+01 1.490588903286497668432276e+01 -9.822065297104947134698705e-01
 6.670000000000000284217094e+01 1.484920285594448863264461e+01 -1.244479217430497275387324e+00
 6.675000000000000000000000e+01 1.478629492631647934786088e+01 -1.229012238727349881628470e+00
 6.679999999999999715782906e+01 1.472902365530937629500841e+01 -1.055691587748091908594006e+00
 6.684999999999999431565811e+01 1.467964249771036833180915e+01 -9.439421952533399995388663e-01
 6.690000000000000568434189e+01 1.463344189020678243196016e+01 -8.893114245866931000250588e-01
 6.695000000000000284217094e+01 1.459402575307539251525668e+01 -6.712943788096465969061910e-01
 6.700000000000000000000000e+01 1.456230324082402560748051e+01 -6.885075273592810018996602e-01
 6.704999999999999715782906e+01 1.451787195791886908580182e+01 -1.099221368150028688148723e+00
 6.709999999999999431565811e+01 1.445808821056371051838596e+01 -1.212044355164581643791166e+00
 6.715000000000000568434189e+01 1.440148529454311798758681e+01 -1.045716326859337019783425e+00
 6.720000000000000284217094e+01 1.435245629042858439561314e+01 -9.322622406002950556924702e-01
 6.725000000000000000000000e+01 1.430578303064953971102113e+01 -9.772699650282210548368766e-01
 6.729999999999999715782906e+01 1.425036635466192436183519e+01 -1.260227958736975351072829e+00
 6.734999999999999431565811e+01 1.418295787736641599963150e+01 -1.360217187793929749517474e+00
 6.740000000000000568434189e+01 1.412212424855676751178635e+01 -1.029404659722273907007661e+00
 6.745000000000000284217094e+01 1.407937330147303534033654e+01 -7.257042170680607640065318e-01
 6.750000000000000000000000e+01 1.404544739962848787229177e+01 -6.503606171875699892837019e-01
 6.754999999999999715782906e+01 1.401428685379744365491206e+01 -6.036871391826856836360093e-01
 6.759999999999999431565811e+01 1.398161093157640877393533e+01 -7.551756156390698748737123e-01
 6.765000000000000568434189e+01 1.393684978869741897256063e+01 -1.004283744002403722106465e+00
 6.770000000000000284217094e+01 1.388679796362183793689837e+01 -9.580769533825933548243370e-01
 6.775000000000000000000000e+01 1.384140335518724640451182e+01 -8.728435602685419292257052e-01
 6.779999999999999715782906e+01 1.380027624184744894364485e+01 -7.469546430631669453603649e-01
 6.784999999999999431565811e+01 1.376586939506832152346760e+01 -7.123125951781553721886553e-01
 6.790000000000000568434189e+01 1.371545511296920949462219e+01 -1.423828364582557570727772e+00
 6.795000000000000284217094e+01 1.362373537434246983934827e+01 -2.121044862489225746315924e+00
 6.800000000000000000000000e+01 1.351848187663124889468236e+01 -1.984240692223422364293128e+00
 6.804999999999999715782906e+01 1.342621099947864493628913e+01 -1.796541948925449494467443e+00
 6.809999999999999431565811e+01 1.332400164979221912631147e+01 -2.442727857331342455893264e+00
 6.815000000000000568434189e+01 1.317670281356611639012044e+01 -3.377782230955399089822322e+00
 6.820000000000000284217094e+01 1.299533410908341934941745e+01 -3.906970063839714235598422e+00
 6.825000000000000000000000e+01 1.275411926726137501475478e+01 -6.288600806825306754888061e+00
 6.829999999999999715782906e+01 1.233603143581014549567954e+01 -1.019197263208003612078301e+01
 6.834999999999999431565811e+01 1.178991276119817221967878e+01 -1.115577504270954278808858e+01
 6.840000000000000568434189e+01 1.124578304884855128875643e+01 -1.051309216077821417911764e+01
 6.845000000000000284217094e+01 1.074534420327739070444295e+01 -9.435391509057936332283134e+00
 6.850000000000000000000000e+01 1.030367112693269504575255e+01 -8.320209937298354674339862e+00
 6.854999999999999715782906e+01 9.893762936678102803966794e+00 -8.286612756378493926945339e+00
 6.859999999999999431565811e+01 9.470422122351523697147968e+00 -8.496879337088603989514013e+00
 6.865000000000000568434189e+01 9.061913448675946725074937e+00 -7.765655545443642893133074e+00
 6.870000000000000284217094e+01 8.684687828181997915066859e+00 -7.542544321618875891033440e+00
 6.875000000000000000000000e+01 8.283527264420111890785847e+00 -8.672042132829796301507486e+00
 6.879999999999999715782906e+01 7.815227371122492883159794e+00 -9.953689505342813603760987e+00
 6.884999999999999431565811e+01 7.303051955168958109254618e+00 -1.035949411413859344577304e+01
 6.890000000000000568434189e+01 6.801326363310421285746088e+00 -9.440730556345487300973218e+00
 6.895000000000000284217094e+01 6.382642779661300558302628e+00 -7.180780162534921906569707e+00
 6.900000000000000000000000e+01 6.073068826095374461715437e+00 -5.577521613390483246064377e+00
 6.904999999999999715782906e+01 5.771187808220635595546355e+00 -6.917227462648090074992524e+00
 6.909999999999999431565811e+01 5.391401049225957642363483e+00 -7.720352844134851899582372e+00
 6.915000000000000568434189e+01 5.052307078213208235695220e+00 -5.563948234307530604780823e+00
 6.920000000000000284217094e+01 4.828896498608605369895486e+00 -3.746547231154827350962933e+00
 6.925000000000000000000000e+01 4.624106086055525643985220e+00 -4.910347467662871778770750e+00
 6.929999999999999715782906e+01 4.333007579046945778600275e+00 -6.385406763264664498080947e+00
 6.934999999999999431565811e+01 4.015466640887784599556198e+00 -6.353215275351378643620137e+00
 6.940000000000000568434189e+01 3.658452683998187460190366e+00 -8.345172775211871396550123e+00
 6.945000000000000284217094e+01 3.195497549499780376436320e+00 -9.469008636045083804333444e+00
 6.950000000000000000000000e+01 2.786741080929147074130015e+00 -6.322762471320410249120414e+00
 6.954999999999999715782906e+01 2.596123287802850398975352e+00 -1.145731601941683441836517e+00
 6.959999999999999431565811e+01 2.676333327592385735727021e+00 4.287631894651220854086660e+00
 6.965000000000000568434189e+01 3.001792163311147731974415e+00 8.228858975466620151451025e+00
 6.970000000000000284217094e+01 3.393494473191758231678250e+00 5.730443266471405117101767e+00
 6.975000000000000000000000e+01 3.446144365131230458132450e+00 -3.276679313045547381477718e+00
 6.979999999999999715782906e+01 3.195865261680441271607833e+00 -5.864006239551120991393418e+00
 6.984999999999999431565811e+01 2.825186624806806712228990e+00 -1.019190475303688359076659e+01
 6.990000000000000568434189e+01 2.154487705942562669747531e+00 -1.520869066409558634234145e+01
 6.995000000000000284217094e+01 1.457192050535873306671419e+00 -1.180518561046289605087622e+01
 7.000000000000000000000000e+01 1.008773108403280716061090e+00 -6.082434493045633772112524e+00
 7.004999999999999715782906e+01 8.403589683345860095187163e-01 -8.535912250165565984261207e-01
 7.009999999999999431565811e+01 8.889078286408622631142862e-01 2.263825067548613123591394e+00
 7.015000000000000568434189e+01 9.944260235209689824387169e-01 1.164192411555750039653390e+00
 7.020000000000000284217094e+01 9.613528746691635262777709e-01 -2.356907974476203371239080e+00
 7.025000000000000000000000e+01 8.073793195091525376483332e-01 -3.267194679184955319328765e+00
 7.029999999999999715782906e+01 6.720282858420691951550907e-01 -1.932990632216304627277736e+00
 7.034999999999999431565811e+01 6.202867055631955395256227e-01 -2.618577076409039916526922e-01
 7.040000000000000568434189e+01 6.104084567121415005885865e-01 -6.563770063657590192462976e-01
 7.045000000000000284217094e+01 5.198933995775227856483980e-01 -2.899366984168397998189448e+00
 7.050000000000000000000000e+01 3.563932263575360082086263e-01 -3.283528596380905106855153e+00
 7.054999999999999715782906e+01 2.065949701126097437509088e-01 -2.684461620544588811299036e+00
 7.059999999999999431565811e+01 9.641145190553856991755310e-02 -1.560803642404629432149932e+00
 7.065000000000000568434189e+01 6.103086910620092453427787e-02 9.692114604088596097053454e-02
 7.070000000000000284217094e+01 8.349207719632367741269263e-02 4.522102219084754293199069e-01
 7.075000000000000000000000e+01 7.516667898938500513850158e-02 -9.141925925297326172014323e-01
 7.079999999999999715782906e+01 1.094170472359046186738851e-02 -1.210019495718581028498306e+00
 7.084999999999999431565811e+01 0.000000000000000000000000e+00 1.094690817056197751355739e+00
 7.090000000000000568434189e+01 1.256384792394449334551609e-01 3.642967771801561838174166e+00
 7.095000000000000284217094e+01 2.995762929057868007021170e-01 2.496973709933810070538129e+00
 7.100000000000000000000000e+01 3.459105484354854098683063e-01 -1.699594297394092790032261e-01
 7.104999999999999715782906e+01 3.542170474008479175154207e-01 9.980932703942002603980654e-01
 7.109999999999999431565811e+01 4.532724165619281819772368e-01 2.684438547505532124404226e+00
 7.115000000000000568434189e+01 5.847259621481253333286077e-01 2.308107182871725893136272e+00
 7.120000000000000284217094e+01 6.881508513096150636556558e-01 2.084991808805952473448997e+00
 7.125000000000000000000000e+01 8.157540633550954822794665e-01 3.077775539143844607536948e+00
 7.129999999999999715782906e+01 9.789010635667594328879204e-01 3.080136910441703346208442e+00
 7.134999999999999431565811e+01 1.095275175712451698473160e+00 1.597677466060540840686599e+00
 7.140000000000000568434189e+01 1.173995012858812359013427e+00 1.962486659633299934668571e+00
 7.145000000000000284217094e+01 1.304605818310886178323926e+00 3.059972158817703125066600e+00
 7.150000000000000000000000e+01 1.453290263608304044851138e+00 2.789748117897141277410356e+00
 7.154999999999999715782906e+01 1.601407616411167467163068e+00 3.416493534030412337898497e+00
 7.159999999999999431565811e+01 1.813483963929705566897610e+00 5.119323936669825769740783e+00
 7.165000000000000568434189e+01 2.107178920211793204941841e+00 6.442157620111067295454177e+00
 7.170000000000000284217094e+01 2.435014931836660068142919e+00 6.514955758060516188834299e+00
 7.175000000000000000000000e+01 2.766152004491452487400238e+00 6.975761184239589240974055e+00
 7.179999999999999715782906e+01 3.157564004650565081533387e+00 8.800381535845364311398953e+00
 7.184999999999999431565811e+01 3.644810486569611818197245e+00 1.042997636053988586013475e+01
 7.190000000000000568434189e+01 4.157458559128878405886098e+00 9.380451262187078143028884e+00
 7.195000000000000284217094e+01 4.528422586607665500935127e+00 5.356142523851027625880761e+00
 7.200000000000000000000000e+01 4.746007226421705915697657e+00 3.954571822794196833683600e+00
 7.204999999999999715782906e+01 4.954228958138899407970257e+00 4.222296273802062849256345e+00
 7.209999999999999431565811e+01 5.142483705636585966658458e+00 3.205479565958938792391564e+00
 7.215000000000000568434189e+01 5.305567770761822288250187e+00 3.839143252496981517651875e+00
 7.220000000000000284217094e+01 5.564179376393619591567585e+00 6.593776777160149649148480e+00
 7.225000000000000000000000e+01 5.942768834243867814848272e+00 8.084847173093898220486153e+00
 7.229999999999999715782906e+01 6.335237759207386076809598e+00 7.555267140840392414702364e+00
 7.234999999999999431565811e+01 6.726108018191419901654626e+00 8.367841752862522852751681e+00
 7.240000000000000568434189e+01 7.155821604726705587040669e+00 7.947624435063162628978262e+00
 7.245000000000000284217094e+01 7.425274235745513706774545e+00 2.717176431399230818186652e+00
 7.250000000000000000000000e+01 7.535777085524569152141794e+00 2.939625776636372034289479e+00
 7.254999999999999715782906e+01 7.776614990738664801028790e+00 6.638846662321697955633226e+00
 7.259999999999999431565811e+01 8.163723003516365039899938e+00 8.430305155264921523894373e+00
 7.265000000000000568434189e+01 8.615188376688069027409256e+00 9.945867656792003685950476e+00
 7.270000000000000284217094e+01 9.191825213906911429262436e+00 1.316459195620894639944254e+01
 7.275000000000000000000000e+01 9.874027282876284061785555e+00 1.262590093368415899988122e+01
 7.279999999999999715782906e+01 1.034408202770255336133687e+01 6.204509445157228242351266e+00
 7.284999999999999431565811e+01 1.059644207889317613080493e+01 4.730557191887796442131275e+00
 7.290000000000000568434189e+01 1.085950702755519614584045e+01 5.596942435807962468174992e+00
 7.295000000000000284217094e+01 1.109017194177029175250482e+01 2.495015236454880547256607e+00
 7.300000000000000000000000e+01 1.107529598464468456597842e+01 -2.077710212065246864199253e+00
 7.304999999999999715782906e+01 1.101001917479624836460061e+01 2.335753432848612365368979e-01
 7.309999999999999431565811e+01 1.111236821811722030872716e+01 3.476971712760648092199744e+00
 7.315000000000000568434189e+01 1.128998077522646426018582e+01 2.982335289827177327026675e+00
 7.320000000000000284217094e+01 1.141033476794140533172595e+01 2.466244072662101771697962e+00
 7.325000000000000000000000e+01 1.160554827320106063837102e+01 5.790194533578823410380210e+00
 7.329999999999999715782906e+01 1.200542080653013066182666e+01 1.014492821333927174975997e+01
 7.334999999999999431565811e+01 1.260721494435759559848975e+01 1.376765402661110826443291e+01
 7.340000000000000568434189e+01 1.336776508197375612496671e+01 1.640920562701398566218813e+01
 7.345000000000000284217094e+01 1.418851095564373920865364e+01 1.517549057905727316608591e+01
 7.350000000000000000000000e+01 1.476202666602088875436039e+01 7.100055048660680157013303e+00
 7.354999999999999715782906e+01 1.498431348122137407585797e+01 2.510332084716992095962951e+00
 7.359999999999999431565811e+01 1.508016005838965511998140e+01 1.512617292279112124475660e+00
 7.365000000000000568434189e+01 1.514743120317937297159006e+01 1.101338991727664362585415e+00
 7.370000000000000284217094e+01 1.518236583433869668624538e+01 3.267030317384441162609221e-01
 7.375000000000000000000000e+01 1.519792635926963342285489e+01 5.024471885996074638214282e-01
 7.379999999999999715782906e+01 1.523985682308024536268931e+01 1.075571833818312006414430e+00
 7.384999999999999431565811e+01 1.528811894416439010058184e+01 7.029036212919761439366084e-01
 7.390000000000000568434189e+01 1.530648729990188705585297e+01 8.984964382689555884020649e-02
 7.395000000000000284217094e+01 1.530544580484817984711299e+01 -6.134543782348658019776266e-02
 7.400000000000000000000000e+01 1.528915440192164965083066e+01 1.826871831853715821836204e-01
