4.187954614904741413e-01
3.701670490715295303e-01
8.230706282842557009e-01
1.302040352795659661e+00
6.312797070057415416e-01
6.132836329278196219e-01
4.249572931584463809e-01
4.566781991473599089e-01
4.419176439232512799e-01
6.586972381795447307e-01
6.433159644517377762e-01
4.334269414200228043e-01
3.927257238215705049e-01
3.879438457793153994e-01
3.314540925263973481e-01
3.210343841861280079e-01
3.742754906035012930e-01
3.292557928922913990e-01
3.361265548958057292e-01
3.240795021308435220e-01
2.813675403807708308e-01
3.578134685883561650e-01
4.089634833117094526e-01
3.811540930881361366e-01
4.129633801916007818e-01
