1.064607900988180367e-01
3.596493474620051090e-01
1.256609839238211235e+00
9.306799715829447983e-01
8.697215265876357959e-01
1.494020385445443910e+00
1.350882386335176211e+00
6.955861620735895867e-01
2.733852331846970962e-01
4.238956448225054685e-01
4.324877157396639915e-01
4.692379244875372613e-01
5.013771323818919656e-01
5.592922930152390837e-01
5.155798770804533859e-01
4.601089023956858037e-01
5.511225552188353527e-01
4.860802149113044868e-01
4.951523271140480520e-01
5.494937608090512127e-01
5.036512328559469287e-01
4.656091765521196968e-01
5.440828678788173223e-01
5.453675243466380440e-01
5.603815093745193598e-01
