2.860111779482918393e-01
4.321963203524555874e-01
9.871506340717669525e-01
5.770463623849397816e-01
5.449725489429585457e-01
4.123370188430066641e-01
2.053620099062536397e-01
2.840844378522808245e-01
3.718340693007535780e-01
3.067415994265473844e-01
3.102898271773390504e-01
3.269836186180249959e-01
3.748800728417673311e-01
4.757718167654640951e-01
4.332818469188722266e-01
4.389908771944495136e-01
4.708413862768898728e-01
4.805125352782459447e-01
4.734939217624689056e-01
4.861768949668733297e-01
