1.047140468249801337e+00
6.229507744496357580e-01
5.605615500699172582e-01
5.733522223637222970e-01
5.375590221305706073e-01
5.532345428461878933e-01
6.279539558199084270e-01
3.306298379765206796e-01
3.440288089288848217e-01
2.910046382979325497e-01
2.909594158199251268e-01
3.156685288023929337e-01
3.181992578977964614e-01
3.498956839820188125e-01
3.623874340257354776e-01
3.958463590293830880e-01
4.245835215483616532e-01
4.211378054836174556e-01
4.291299686466309438e-01
4.139081296036756785e-01
