1.250056308917936732e-01
3.463603296424359712e+00
4.017934503133948176e+00
2.192791594803602528e+00
2.845842897148040396e-01
4.672494058252801841e-01
2.492948894899792156e-01
2.627944668716254983e-01
3.375587703940733930e-01
1.976223813699932719e-01
3.478669563413084864e-01
4.292499769961672373e-01
4.382050757055258594e-01
4.678358134092550635e-01
4.907134325381076190e-01
4.936300124740718442e-01
4.665281106217712970e-01
4.909228230911624746e-01
5.104916450825277563e-01
5.148480813356897112e-01
5.284581359355160490e-01
5.647592821061284685e-01
5.460575120372951341e-01
5.450485066892996056e-01
4.824385880880865396e-01
