5.200112966718286461e-02
2.471424760888687178e-01
3.814742390223984092e-01
3.030714532872330058e-01
3.477893366528437280e-01
3.917354875547550686e-01
1.103970919772708115e+00
2.421679395345986696e-01
4.337997940884804615e-01
3.701035451094105144e-01
3.986493658444732469e-01
5.348384906892951207e-01
5.759207267538254404e-01
5.287584956427803240e-01
5.502772261430777245e-01
5.535499137724810836e-01
4.800609427879083402e-01
5.324233282017960533e-01
5.360827034742630115e-01
4.896237769564927289e-01
5.843500378066378564e-01
6.144931273597017407e-01
6.066920125648349593e-01
5.186079332514691442e-01
5.588597798687235940e-01
