1.157229706493032140e+00
8.757628124094219979e-01
2.370419717593248154e-01
2.925735257986795124e-01
2.711202833434678272e-01
2.439323021935396463e-01
2.694531053256342679e-01
2.585369074012877633e-01
2.982508578356135587e-01
3.325034151238145386e-01
3.025741816702124387e-01
3.015313683165166125e-01
3.016192877887684531e-01
3.060618338576941988e-01
3.268400705343680324e-01
3.137079720979397690e-01
2.955676787846823195e-01
2.724387808819653256e-01
2.708184911950956564e-01
2.513367320017603768e-01
