2.737392279621044811e+00
1.159763096002248833e-01
3.870226199988933136e-01
7.140590745697926733e-01
8.866693187251544206e-01
7.924923226083653294e-01
6.245839278986696774e-01
7.585563420453738104e-01
7.408539160637354071e-01
8.094898123694488357e-01
9.318777304097271008e-01
1.116697228527958607e+00
1.226092673827192669e+00
1.212350281708215016e+00
1.254651544043367428e+00
1.230662660939098041e+00
1.216776823517466299e+00
1.245145778013154958e+00
1.284510266717125537e+00
1.291943994719496169e+00
