3.402977112874622012e+00
1.907298592516069702e+00
3.835375804402838540e-01
5.096440169821488952e-01
2.896432012840626236e-01
2.928707542732938429e-01
3.171280388383139193e-01
1.690009022976163844e-01
2.272056941255903850e-01
2.728933738081962268e-01
2.557337884451758026e-01
3.101826977887954806e-01
3.606346444301030130e-01
3.297868195050883688e-01
3.735046019339990364e-01
2.894280938806478298e-01
2.136330228236418549e-01
3.489646916876495975e-01
3.023257277845518565e-01
2.843900365394252949e-01
2.910294129525986540e-01
2.924251614632490948e-01
3.264644762404051437e-01
3.565832410671597730e-01
3.036805421920331649e-01
