5.420293684819459834e+00
5.184143034255082938e+00
5.018468110838893104e+00
4.504462932812385856e-01
3.155712730489405593e-01
8.403550813945640519e-01
7.300669138629785060e-01
6.684886290674734166e-01
8.058571679043718961e-01
7.114928544752492368e-01
6.976729965114405463e-01
6.570314715967561225e-01
7.965672683083184769e-01
1.047248324179313350e+00
1.114980158240214791e+00
1.121009571163009699e+00
1.197340134874097295e+00
1.138521692160505916e+00
1.119562030587485602e+00
1.046294709065475725e+00
1.095036870211308688e+00
1.174469950019508602e+00
1.205921761716148621e+00
1.192034049282806540e+00
1.222364068592911135e+00
