2.342904849867104566e-01
4.880364260631281370e-01
2.297162844023875328e-01
3.386808714375079687e-01
7.450786022094550987e-01
6.407015432124623100e-01
1.122398408129047453e+00
6.349226819979736369e-01
4.880116700242893568e-01
4.020001454310430100e-01
4.558943029110859579e-01
4.592249342765649667e-01
5.418859271688818424e-01
5.513751928673078506e-01
5.179789287969537304e-01
5.108121429393064350e-01
5.100254401928446812e-01
5.207484819786909469e-01
5.252753736093520587e-01
5.278773641388625482e-01
