4.651599049415737763e-01
2.005386080681427485e-01
2.750868269083124873e-01
3.768959492221963803e-01
4.047883466768060212e-01
3.379654564611284662e-01
4.164156935373449220e-01
3.285757675288495938e-01
3.508619709853442736e-01
2.629232709215343911e-01
4.340256170774636213e-01
3.213644462651590317e-01
3.723155701232386261e-01
3.745767703083206501e-01
4.126908923719500022e-01
4.115977598146719485e-01
4.421582753735361915e-01
4.639272755727932851e-01
4.803262875348242589e-01
4.817024525029453552e-01
