3.667240844912596498e-01
3.108069785464797063e-01
3.338271684344070178e-01
3.244337729463869224e-01
1.934105780737972180e-01
1.811677987738200546e-01
2.192279349409009259e-01
2.255450847510454826e-01
2.675783653335897516e-01
2.566047761101345470e-01
2.834211179883754372e-01
4.106885932130407979e-01
4.995135777569946756e-01
3.911786151990261362e-01
4.631068091676031617e-01
4.161575780206748232e-01
4.976565993642962926e-01
4.544713667100324650e-01
5.205005434305823853e-01
5.256044571842941604e-01
5.355280853343677983e-01
5.204102819275183700e-01
4.969525170831634586e-01
4.760877768600924598e-01
5.014236547606382155e-01
