5.980320833230670652e-02
1.378203662240945759e-01
3.283999087485682256e-01
2.499291044016316576e-01
2.558614627643587824e-01
2.752108202043150875e-01
2.519494687573309855e-01
3.095184982460283396e-01
3.781259902995023903e-01
5.217082925919229730e-01
4.974315575903373587e-01
5.628085145241863430e-01
5.969981808879279983e-01
5.855731766978324870e-01
6.034114084149700963e-01
5.869675635933422342e-01
5.649259084590994018e-01
5.825043938953147205e-01
6.097640288595618241e-01
6.079599350789938184e-01
