0.000000000000000000e+00 2.168662781404466222e-01 3.401231912469242989e-06
1.285420173833942352e-13 2.259622337751407084e+00 4.588361644425752672e+00
9.997712463152886504e-14 2.274441910271660650e+00 1.615856269052524663e+00
1.142595710074615564e-13 2.307526203915295504e+00 3.329158703034067468e+00
1.285420173833942352e-13 2.317406545511326854e+00 4.149620600130095482e+00
0.000000000000000000e+00 2.276147647386261852e+00 1.480463659502542217e+00
1.285420173833942352e-13 2.192765339475989617e+00 6.664640336013977873e+00
1.142595710074615564e-13 2.134509204803730409e+00 7.323362402671404148e+00
1.142595710074615564e-13 2.127177967120521540e+00 1.945233440778708855e+00
1.285420173833942352e-13 2.188370027282919406e+00 1.258179836929321915e+01
0.000000000000000000e+00 1.747159352555046619e+00 1.015965943517941739e+01
1.285420173833942352e-13 1.437956060627464838e+00 9.830718974086954276e+00
1.142595710074615564e-13 1.119062342037626001e+00 9.669554058491359072e+00
1.142595710074615564e-13 7.775057138182810412e-01 7.233158383127074487e+00
1.285420173833942352e-13 6.007782758235712395e-01 5.497874209270661616e+00
0.000000000000000000e+00 5.456286019518394870e-01 4.109193411818305108e+00
1.285420173833942352e-13 4.663886753635812510e-01 4.542172880540241486e+00
1.142595710074615564e-13 3.790630828540722530e-01 4.518071260090435359e+00
1.142595710074615564e-13 4.257375436664460056e-01 3.845669745600956979e+00
1.285420173833942352e-13 5.398138224039259470e-01 4.222778496964448181e+00
0.000000000000000000e+00 7.066436718491898583e-01 4.513916753784925184e+00
1.285420173833942352e-13 7.705927325306661801e-01 4.828996342467418046e+00
1.142595710074615564e-13 6.465949946098188406e-01 4.297830771629628899e+00
1.142595710074615564e-13 5.023496520039134605e-01 5.030856882010998454e+00
1.285420173833942352e-13 3.672335959981011255e-01 4.997611868912753330e+00
0.000000000000000000e+00 3.678550151363786935e-01 3.413764422134964338e+00
1.285420173833942352e-13 4.374058494109291928e-01 3.278162660950866947e+00
1.142595710074615564e-13 5.558913334791807381e-01 3.818758012137962066e+00
1.142595710074615564e-13 7.446971665097712467e-01 5.867372679483826126e+00
1.285420173833942352e-13 6.029609668727397009e-01 5.603486954167258283e+00
0.000000000000000000e+00 4.048396316777297943e-01 4.278882246596012351e+00
1.285420173833942352e-13 3.109229143948410989e-01 2.135674424387012049e+00
1.142595710074615564e-13 2.753253303297005239e-01 1.765523827032556836e+00
1.142595710074615564e-13 2.664498332828604266e-01 1.404335792124223881e+00
1.285420173833942352e-13 2.504407189698183434e-01 1.349610468476436731e+00
0.000000000000000000e+00 2.278089996908576886e-01 1.660794304701461721e+00
1.285420173833942352e-13 2.408099558440090215e-01 1.781619354694242263e+00
1.142595710074615564e-13 2.828922091424592722e-01 1.220226206585165674e+00
1.142595710074615564e-13 2.931699431763938879e-01 1.773338794944292474e+00
1.285420173833942352e-13 2.646772826660967470e-01 2.902011091796244724e+00
0.000000000000000000e+00 2.573962868614334543e-01 2.600190613346522461e+00
1.285420173833942352e-13 2.832235953287691732e-01 1.845111950320177607e+00
1.142595710074615564e-13 2.656210225957175153e-01 1.790297067215609550e+00
1.142595710074615564e-13 2.278477092591633946e-01 2.755303039659911857e+00
1.285420173833942352e-13 2.843863285583780875e-01 5.452190878893095949e+00
0.000000000000000000e+00 6.054233156728943133e-01 8.773562699952123012e+00
1.285420173833942352e-13 8.619921993346253419e-01 8.680390273551552127e+00
1.142595710074615564e-13 1.127922678959690117e+00 9.542075393810124595e+00
1.142595710074615564e-13 1.443348757632555435e+00 6.756373495912450622e+00
1.285420173833942352e-13 1.589162593637670984e+00 4.811276078509979293e+00
0.000000000000000000e+00 1.507929293738551335e+00 7.648692377894419359e+00
1.285420173833942352e-13 1.340580447987359536e+00 8.886307070413138831e+00
1.285420173833942352e-13 1.223213551431580948e+00 1.122826813903182774e+01
1.285420173833942352e-13 1.533218071866404353e+00 1.347949609112379044e+01
1.285420173833942352e-13 1.835071775083289225e+00 6.890979538961081730e+00
0.000000000000000000e+00 1.573190659496448429e+00 9.446255367772291578e+00
1.285420173833942352e-13 1.249945105830898129e+00 1.100945942018891088e+01
1.285420173833942352e-13 1.170252619566079622e+00 9.297979466383425873e+00
1.285420173833942352e-13 1.353796218797725270e+00 7.684667569941332488e+00
1.285420173833942352e-13 1.584084356787682335e+00 6.917690152209051924e+00
0.000000000000000000e+00 1.792575867082614405e+00 4.775197171058842116e+00
1.285420173833942352e-13 1.839229047822807495e+00 4.619056820146796305e+00
1.285420173833942352e-13 1.427078202398173401e+00 7.938460534611635033e+00
1.285420173833942352e-13 1.072488722846998810e+00 1.027644094484901416e+01
1.285420173833942352e-13 1.147732832580974138e+00 1.080175362135647177e+01
0.000000000000000000e+00 1.212015669727969813e+00 7.793828853190079897e+00
1.285420173833942352e-13 1.162326420507507230e+00 6.413316663010996344e+00
1.285420173833942352e-13 9.950042841003987615e-01 7.473714132823970679e+00
1.285420173833942352e-13 6.976551604608294266e-01 8.582536185415040819e+00
1.285420173833942352e-13 6.375795466768648945e-01 5.836286415078533629e+00
0.000000000000000000e+00 7.937637183213338554e-01 3.594488466070549837e+00
1.285420173833942352e-13 8.716675311490349465e-01 2.436687904198799437e+00
1.285420173833942352e-13 7.956975662773170255e-01 4.393371153659896500e+00
1.285420173833942352e-13 6.161425667005726581e-01 5.605848290658959954e+00
1.285420173833942352e-13 4.140719898831038970e-01 6.239982691708950924e+00
0.000000000000000000e+00 3.509436367101665399e-01 5.288766688817707617e+00
1.285420173833942352e-13 2.870044554625580946e-01 5.470502736831957868e+00
1.285420173833942352e-13 3.196443076857304888e-01 4.369132098377556339e+00
1.285420173833942352e-13 4.483221858856151765e-01 2.881618393090005004e+00
1.285420173833942352e-13 5.004585950293221064e-01 2.186470468298524317e+00
0.000000000000000000e+00 4.038801444130362683e-01 4.802214277572354639e+00
1.285420173833942352e-13 1.946430470142045954e-01 5.395716841276799514e+00
1.285420173833942352e-13 1.552486747526539146e-01 1.825466088717763835e+00
1.285420173833942352e-13 1.341226362528564753e-01 1.434575401766907010e+00
1.285420173833942352e-13 1.016617674877581118e-01 1.762747753679851481e+00
0.000000000000000000e+00 1.040685139413356913e-01 2.095311852698356958e+00
1.285420173833942352e-13 1.561632674065751569e-01 1.877586514122733030e+00
1.285420173833942352e-13 1.602401610840297752e-01 1.595814357040711284e+00
1.285420173833942352e-13 8.923279009229612146e-02 3.047023231114428299e+00
1.285420173833942352e-13 1.602506803711245820e-01 2.229540510943253562e+00
0.000000000000000000e+00 2.183602082758431262e-01 1.907862300873199857e+00
1.285420173833942352e-13 2.120356657491988539e-01 3.136040998686392633e+00
1.285420173833942352e-13 2.104230635943009631e-01 3.265338218083817967e+00
1.285420173833942352e-13 2.058735222357168659e-01 2.209219911966113337e+00
1.285420173833942352e-13 1.322321501983115821e-01 3.083875987747115133e+00
0.000000000000000000e+00 1.739591065810242032e-01 2.947507414083585076e+00
1.285420173833942352e-13 2.576499150436113994e-01 2.423635425024877943e+00
1.285420173833942352e-13 2.781056886757877766e-01 2.371732714728792768e+00
1.285420173833942352e-13 2.485545917621465872e-01 1.873266692006017697e+00
1.285420173833942352e-13 2.117076105070909431e-01 1.702478186910346247e+00
0.000000000000000000e+00 1.978719825391473119e-01 1.508656433342724368e+00
1.285420173833942352e-13 2.023278372687912774e-01 8.547564872738535602e-01
1.285420173833942352e-13 1.971653966310784323e-01 1.636252231550106018e+00
1.285420173833942352e-13 1.988622286091678848e-01 1.258635138965967348e+00
1.285420173833942352e-13 1.951240263129369878e-01 1.101969432340696997e+00
0.000000000000000000e+00 1.903514787422626864e-01 1.333646231293502682e+00
1.285420173833942352e-13 2.024063467844968711e-01 1.330957998618807148e+00
1.285420173833942352e-13 2.151130217344192352e-01 1.263801119087641700e+00
1.285420173833942352e-13 2.033269061502007702e-01 1.425518052072320074e+00
1.285420173833942352e-13 2.124017807834574778e-01 1.591288750239327587e+00
0.000000000000000000e+00 2.624406519808584748e-01 1.440642067988443742e+00
1.285420173833942352e-13 2.933657777057915861e-01 8.492331760802771523e-01
1.285420173833942352e-13 2.804178364312948646e-01 1.169513434034743282e+00
1.285420173833942352e-13 2.383393569677895729e-01 1.359701165064653106e+00
1.285420173833942352e-13 2.149822693285280695e-01 6.050858540062438173e-01
0.000000000000000000e+00 2.222799175233408364e-01 9.468868525598064245e-01
1.285420173833942352e-13 2.308298386180031581e-01 5.699830529832772275e-01
1.285420173833942352e-13 2.267219192100136393e-01 4.661913816573640124e-01
1.285420173833942352e-13 2.211003425482014617e-01 7.327938190320010259e-01
1.285420173833942352e-13 2.109524428788840389e-01 9.076250830396618285e-01
0.000000000000000000e+00 1.937755360606406851e-01 9.599955845856378289e-01
1.285420173833942352e-13 1.855275111443598357e-01 5.001799614139442740e-01
1.285420173833942352e-13 1.908438695366030113e-01 4.586491895680154807e-01
1.285420173833942352e-13 2.056305551059000314e-01 6.706357358071851626e-01
1.285420173833942352e-13 2.119030668500940240e-01 7.081803791187802899e-01
0.000000000000000000e+00 2.043504633085469757e-01 9.429167351366884997e-01
1.285420173833942352e-13 1.992858246124684651e-01 8.569237006158227921e-01
1.285420173833942352e-13 1.911768985124090436e-01 5.715206111316585291e-01
1.285420173833942352e-13 1.853145602878615017e-01 6.900273070717344304e-01
1.285420173833942352e-13 2.095445353331591987e-01 1.164205401802552275e+00
0.000000000000000000e+00 2.538420799233700453e-01 1.012654300392416884e+00
1.285420173833942352e-13 2.907738934964831934e-01 9.029438310679199775e-01
1.285420173833942352e-13 3.170236928743523919e-01 1.041597822554856778e+00
1.285420173833942352e-13 3.383136697892588085e-01 7.146097238665370943e-01
1.285420173833942352e-13 3.494576311012649317e-01 5.304884395233951944e-01
0.000000000000000000e+00 3.511792210180535445e-01 7.601363426904111931e-01
1.285420173833942352e-13 3.525450888599994670e-01 7.559626409864380614e-01
1.285420173833942352e-13 3.493343367067254235e-01 6.359526276568964187e-01
1.285420173833942352e-13 3.340173382118875045e-01 8.797676708613294538e-01
1.285420173833942352e-13 3.135827266331056573e-01 1.112126897795983949e+00
0.000000000000000000e+00 2.945478675181786299e-01 1.246716006055262893e+00
1.285420173833942352e-13 2.917616958477524114e-01 8.195769253695439627e-01
1.285420173833942352e-13 2.985472125309778790e-01 4.779760067879583185e-01
1.285420173833942352e-13 2.887909493551056306e-01 1.017973701640594308e+00
1.285420173833942352e-13 2.643706923193581138e-01 1.035210390764234267e+00
0.000000000000000000e+00 2.442263279155508782e-01 6.250199200930981469e-01
1.285420173833942352e-13 2.420149551473419480e-01 7.629262044068053639e-01
1.285420173833942352e-13 2.575188732038604100e-01 6.171122772929732436e-01
1.285420173833942352e-13 2.707920250578456645e-01 5.274130445931247690e-01
1.285420173833942352e-13 2.783246309814359498e-01 7.704522314277444384e-01
0.000000000000000000e+00 2.823711052758167139e-01 7.852590502963995300e-01
1.285420173833942352e-13 2.790803897777192066e-01 6.575081008134938676e-01
1.285420173833942352e-13 2.641286897169612402e-01 7.709198504760995663e-01
1.285420173833942352e-13 2.439120734809855917e-01 6.425996629081177636e-01
1.285420173833942352e-13 2.359481021627991004e-01 6.822587555655911240e-01
0.000000000000000000e+00 2.518469982865175760e-01 8.249063800877939334e-01
1.285420173833942352e-13 2.779312419467740991e-01 5.707295974788284543e-01
1.285420173833942352e-13 2.938628945899546818e-01 5.326004823693607504e-01
1.285420173833942352e-13 2.986091967820614923e-01 5.274822946655723932e-01
1.285420173833942352e-13 2.921194282035493028e-01 4.196471161376387760e-01
0.000000000000000000e+00 2.800137737456468434e-01 4.510733940998019609e-01
1.285420173833942352e-13 2.734378962928937784e-01 4.918746411712972555e-01
1.285420173833942352e-13 2.723905404497199423e-01 3.842252181519907883e-01
1.285420173833942352e-13 2.720203106889142464e-01 3.998557552524298897e-01
1.285420173833942352e-13 2.748485922141560844e-01 6.002802863657895616e-01
0.000000000000000000e+00 2.802223227726075572e-01 2.469913060421271289e-01
1.285420173833942352e-13 2.777012236710680870e-01 4.710522306415717564e-01
1.285420173833942352e-13 2.682345172250549803e-01 4.367171818793693094e-01
1.285420173833942352e-13 2.573162440072312984e-01 4.281645912708171298e-01
1.285420173833942352e-13 2.541977788801663696e-01 3.696241127616484712e-01
0.000000000000000000e+00 2.611393988792066190e-01 3.690243128817018436e-01
1.285420173833942352e-13 2.668357806142782618e-01 3.081907880450591719e-01
1.285420173833942352e-13 2.657907654259936137e-01 2.454800822908395352e-01
1.285420173833942352e-13 2.644113492548240130e-01 2.827957473724788673e-01
1.285420173833942352e-13 2.661577907997807468e-01 4.251557562676721580e-01
0.000000000000000000e+00 2.681574563997894955e-01 3.290117055723004724e-01
1.285420173833942352e-13 2.642113319591923304e-01 2.880678809317945843e-01
1.285420173833942352e-13 2.578151690173995925e-01 2.275204160597569525e-01
1.428244637593269392e-13 2.568583524156081155e-01 3.175182232602432597e-01
1.285420173833942352e-13 2.587924975573284714e-01 3.182696861214886486e-01
0.000000000000000000e+00 2.595004351716898583e-01 2.673505771204174875e-01
1.285420173833942352e-13 2.625788804074999372e-01 2.779858385812422616e-01
1.428244637593269392e-13 2.648588302507060566e-01 3.301388067545233951e-01
1.428244637593269392e-13 2.621782178159358656e-01 3.877188605682965750e-01
1.285420173833942352e-13 2.588232049385878475e-01 2.625644844980063453e-01
0.000000000000000000e+00 2.579554745984379283e-01 4.362910718592233894e-01
1.285420173833942352e-13 2.618823868948947364e-01 2.783732012790977040e-01
1.428244637593269392e-13 2.666774428582414647e-01 2.868033585367023575e-01
1.428244637593269392e-13 2.667035537357136388e-01 3.406472493655796629e-01
1.285420173833942352e-13 2.624606816695463363e-01 3.372813441376634747e-01
0.000000000000000000e+00 2.583222987415725869e-01 2.906860504673841605e-01
1.285420173833942352e-13 2.505121613899319866e-01 3.768349900163328603e-01
1.428244637593269392e-13 2.383687456329446064e-01 5.233471149490075414e-01
1.428244637593269392e-13 2.338529285595768725e-01 2.178113331263203389e-01
1.285420173833942352e-13 2.382164816159459686e-01 4.352030497626727668e-01
0.000000000000000000e+00 2.464510105738491885e-01 3.723853944849101483e-01
1.285420173833942352e-13 2.510536553832675155e-01 2.349354628845763682e-01
1.428244637593269392e-13 2.508960287008151213e-01 3.857641496369335066e-01
1.428244637593269392e-13 2.536863976549860178e-01 2.895692175945005498e-01
1.285420173833942352e-13 2.572715762412673413e-01 1.760775966305239137e-01
0.000000000000000000e+00 2.551988859836862855e-01 3.058943989383718920e-01
