#scaled time 	 tcdf 
0.0029685194089820654 	 0.0011600137377530658
0.003013518673194285 	 0.0011775878245628437
0.0030592000733472412 	 0.001195427997593625
0.0031055739498198225 	 0.0012135382807441626
0.003152650799738907 	 0.0012319227586161028
0.0032004412793554655 	 0.0012505855774251745
0.0032489562064567158 	 0.0012695309459259331
0.0032982065628148066 	 0.0012887631363502185
0.003348203496672643 	 0.0013082864853595651
0.0033989583252673886 	 0.001328105395011746
0.003450482537392206 	 0.0013482243337416472
0.003502787795996867 	 0.0013686478373567156
0.0035558859408277447 	 0.0013893805100471475
0.0036097889911078486 	 0.0014104270254110673
0.003664509148257478 	 0.0014317921274948802
0.003720058798656119 	 0.0014534806318490597
0.003776450516446212 	 0.0014754974265995529
0.003833697066379402 	 0.0014978474735350487
0.003891811406705974 	 0.0015205358092103454
0.003950806692108047 	 0.0015435675460660203
0.004010696276677259 	 0.0015669478735646785
0.004071493716937575 	 0.0015906820593439702
0.004133212774913919 	 0.0016147754503866671
0.0041958674212473415 	 0.0016392334742080102
0.004259471838357384 	 0.001664061640060577
0.004324040423652395 	 0.0016892655401569486
0.0043895877927885045 	 0.001714850850910395
0.004456128782978007 	 0.0017408233341938554
0.004523678456347897 	 0.0017671888386174904
0.004592252103349292 	 0.0017939533008250151
0.004661865246218584 	 0.0018211227468091814
0.004732533642491017 	 0.0018487032932465548
0.004804273288567543 	 0.001876701148851983
0.00487710042333575 	 0.0019051226157529432
0.004951031531845655 	 0.0019339740908840954
0.005026083349041269 	 0.0019632620674023544
0.0051022728635486715 	 0.0019929931361226927
0.005179617321521542 	 0.0020231739869750395
0.005258134230544974 	 0.0020538114104825555
0.005337841363598467 	 0.0020849122992615534
0.0054187567630789996 	 0.0021164836495434283
0.0055008987448850605 	 0.002148532562718858
0.005584285902562642 	 0.002181066246904592
0.0056689371115140295 	 0.002214092018533211
0.005754871533270414 	 0.0022476173039660615
0.005842108619829277 	 0.0022816496411298204
0.005930668118057496 	 0.0023161966811769082
0.006020570074161254 	 0.0023512661901701802
0.006111834838223641 	 0.002386866050792166
0.006204483068811085 	 0.0024230042640792314
0.0062985357376495925 	 0.0024596889511809914
0.00639401413437188 	 0.002496928355145372
0.006490939871336474 	 0.002534730842729608
0.006589334888519824 	 0.002573104906237589
0.006689221458482652 	 0.002612059165383911
0.006790622191411506 	 0.0026516023691849832
0.00689356004023678 	 0.002691743397877587
0.0069980583058283155 	 0.002732491264865242
0.007104140642269724 	 0.002773855118692775
0.007211831062212737 	 0.0028158442450495202
0.007321153942312647 	 0.0028584680688014397
0.007432134028746183 	 0.0029017361560526945
0.007544796442813019 	 0.0029456582162369366
0.007659166686622198 	 0.002990244104238841
0.00777527064886476 	 0.0030355038225462192
0.007893134610673843 	 0.0030814475234331507
0.008012785251573685 	 0.0031280855111745797
0.008134249655518741 	 0.0031754282442927467
0.008257555317024375 	 0.003223486337835941
0.008382730147390481 	 0.0032722705656900073
0.008509802481019424 	 0.003321791862922967
0.008638801081829822 	 0.003372061328163344
0.008769755149767472 	 0.0034230902260125227
0.00890269432741502 	 0.003474889989491625
0.009037648706701814 	 0.0035274722225234322
0.009174648835715475 	 0.0035808487024497166
0.009313725725616725 	 0.0036350313825845404
0.009454910857658993 	 0.0036900323948039467
0.009598236190314533 	 0.003745864052172574
0.00974373416650845 	 0.0038025388516075994
0.009891437720962452 	 0.003860069476580623
0.010041380287649913 	 0.003918468799857867
0.010193595807363924 	 0.003977749886279269
0.01034811873540011 	 0.004037925995577006
0.010504984049355855 	 0.004099010585233825
0.010664227257047805 	 0.004161017313381893
0.01082588440454936 	 0.0042239600417425015
0.010989992084350024 	 0.004287852838607323
0.011156587443638394 	 0.004352709981861613
0.011325708192710802 	 0.004418545962049997
0.011497392613507317 	 0.0044853754854853435
0.01167167956827722 	 0.004553213477401273
0.011848608508375803 	 0.004622075085148907
0.012028219483194528 	 0.004691975681438329
0.012210553149226526 	 0.004762930867625405
0.012395650779269587 	 0.004834956477044514
0.012583554271768575 	 0.004908068578387764
0.012774306160299528 	 0.0049822834791312404
0.012967949623197491 	 0.005057617729008945
0.013164528493330309 	 0.005134088123534955
0.013364087268020552 	 0.00521171170757443
0.013566671119117909 	 0.0052905057789640955
0.013772325903224178 	 0.005370487892182711
0.013981098172073346 	 0.005451675862072316
0.014193035183068956 	 0.005534087767610635
0.014408184909981227 	 0.005617741955735509
0.01462659605380632 	 0.005702657045221787
0.014848318053790263 	 0.005788851930611432
0.015073401098619908 	 0.005876345786197396
0.015301896137783606 	 0.005965158070061994
0.015533854893104052 	 0.00605530852817033
0.01576932987044597 	 0.006146817198519517
0.016008374371601235 	 0.006239704415344248
0.01625104250635426 	 0.006333990813379483
0.01649738920473014 	 0.006429697332180811
0.01674747022942859 	 0.00652684522050325
0.01700134218844629 	 0.006625456040739118
0.017259062547890603 	 0.0067255516734156
0.017520689644987493 	 0.006827154321752778
0.017786282701286717 	 0.0069302865162827664
0.018055901836067072 	 0.007034971119530611
0.018329608079944958 	 0.007141231330757727
0.018607463388689162 	 0.007249090690768419
0.0188895306572451 	 0.007358573086780374
0.019175873733971577 	 0.00746970275735967
0.019466557435093502 	 0.007582504297421052
0.019761647559373506 	 0.007697002663294197
0.02006121090300613 	 0.007813223177856666
0.020365315274737693 	 0.00793119153573424
0.020674029511215383 	 0.008050933808569354
0.020987423492569008 	 0.008172476450358289
0.02130556815822903 	 0.00829584630285803
0.021628535522984233 	 0.008421070601063148
0.021956398693282954 	 0.008548176978753822
0.022289231883781336 	 0.008677193474115451
0.022627110434142464 	 0.008808148535430566
0.02297011082609011 	 0.008941071026844015
0.023318310700721108 	 0.009075990234201744
0.02367178887607998 	 0.00921293587096428
0.024030625365000183 	 0.00935193808419535
0.024394901393215648 	 0.009493027460626448
0.02476469941774695 	 0.009636235032798082
0.025140103145566108 	 0.009781592285278376
0.025521197552544485 	 0.009929131160959713
0.025908068902687688 	 0.010078884067434166
0.026300804767662278 	 0.01023088388344838
0.026699494046618307 	 0.010385163965438588
0.02710422698631244 	 0.010541758154146522
0.02751509520153603 	 0.010700700781316779
0.027932191695853013 	 0.010862026676476483
0.02835561088265195 	 0.011025771173797718
0.028785448606517428 	 0.011191970119043552
0.02922180216492523 	 0.01136065987659838
0.029664770330266495 	 0.011531877336582834
0.03011445337220565 	 0.011705659922054513
0.030570953080377387 	 0.011882045596294579
0.03103437278742759 	 0.012061072870181301
0.03150481739240353 	 0.012242780809650787
0.031982393384498736 	 0.012427209043245818
0.03246720886715774 	 0.012614397769753212
0.03295937358254612 	 0.012804387765930247
0.03345899893639174 	 0.012997220394320875
0.0339661980232023 	 0.013192937611162091
0.03448108565186522 	 0.013391581974381206
0.035003778371635756 	 0.013593196651684255
0.03553439449851882 	 0.013797825428736412
0.036073054142050816 	 0.014005512717434453
0.03661987923248756 	 0.014216303564272236
0.037174993548404194 	 0.014430243658799084
0.03773852274471349 	 0.014647379342172038
0.038310594381109 	 0.014867757615802002
0.0388913379509393 	 0.015091426150094353
0.039480884910519785 	 0.01531843329328415
0.04007936870888913 	 0.015548828080366678
0.040686924818016536 	 0.015782660242123134
0.04130369076346692 	 0.01601998021424218
0.041929806155531144 	 0.01626083914653719
0.042565412720827936 	 0.016505288912259764
0.04321065433438488 	 0.016753382117509475
0.043865677052205905 	 0.017005172110740166
0.044530629144332215 	 0.017260712992362624
0.04520566112840447 	 0.01752005962444395
0.04589092580373388 	 0.017783267640503735
0.046586578285889545 	 0.018050393455406787
0.04729277604181018 	 0.01832149427535244
0.048009678925448225 	 0.018596628107960474
0.0487374492139541 	 0.018875853772453505
0.04947625164440895 	 0.019159230909935435
0.05022625345111449 	 0.01944681999376602
0.05098762440344783 	 0.01973868234003114
0.05176053684429017 	 0.02003488011810839
0.052545165729038217 	 0.020335476361327768
0.05334168866520684 	 0.02064053497772685
0.05415028595263192 	 0.020950120760899932
0.05497114062428296 	 0.021264299400940878
0.055804438487694105 	 0.021583137495478605
0.05665036816702317 	 0.02190670256080474
0.05750912114574853 	 0.022235063043092786
0.058380891810012964 	 0.022568288329707732
0.05926587749262457 	 0.022906448760605266
0.06016427851772487 	 0.023249615639819796
0.061076298246133906 	 0.02359786124703976
0.062002143121382525 	 0.023951258849269613
0.0629420227164429 	 0.024309882712576853
0.06389614978116709 	 0.02467380811392292
0.06486474029044466 	 0.0250431113530766
0.0658480134930907 	 0.025417869764608126
0.06684619196147457 	 0.025798161729962844
0.06785950164190095 	 0.026184066689612245
0.068888171905755 	 0.02657566515528088
0.06993243560142239 	 0.026973038722247034
0.07099252910699645 	 0.027376270081715188
0.07206869238378462 	 0.0277854430332581
0.07316116903062564 	 0.028200642497326327
0.07427020633903013 	 0.028621954527822367
0.07539605534915741 	 0.029049466324737643
0.07653897090664045 	 0.029483266246848785
0.07769921172027232 	 0.029923443824471152
0.07887704042056727 	 0.03037008977226604
0.08007272361920949 	 0.030823296002099085
0.08128653196940262 	 0.031283155635945935
0.08251874022713489 	 0.03174976301884251
0.08376962731337219 	 0.03222321373187572
0.08503947637719429 	 0.03270360460521099
0.0863285748598882 	 0.033191033731153265
0.08763721456001289 	 0.03368560047723655
0.08896569169945032 	 0.03418740549933833
0.09031430699045805 	 0.03469655075481435
0.0916833657037379 	 0.03521313951564881
0.09307317773753652 	 0.03573727638161555
0.09448405768779376 	 0.036269067293444916
0.09591632491935406 	 0.03680861954599111
0.0973703036382573 	 0.037356041801394554
0.09884632296512587 	 0.03791144410223376
0.10034471700966388 	 0.03847493788466046
0.10186582494628561 	 0.03904663599151204
0.10340999109089083 	 0.03962665268539495
0.10497756497880356 	 0.04021510366173225
0.10656890144389224 	 0.04081210606176834
0.1081843606988897 	 0.04141777848552429
0.10982430841693037 	 0.042032241004695305
0.11148911581432328 	 0.04265561517548353
0.11317915973458043 	 0.04328802405135777
0.11489482273371843 	 0.04392959219573177
0.11663649316685318 	 0.04458044569455273
0.11840456527610772 	 0.045240712168790824
0.12019943927985217 	 0.04591052078682063
0.12202152146329644 	 0.04659000227668499
0.12387122427045671 	 0.04727928893823132
0.1257489663975156 	 0.04797851465511
0.12765517288759737 	 0.04868781490662436
0.12959027522698055 	 0.04940732677942163
0.13155471144276834 	 0.05013718897901266
0.13354892620203968 	 0.05087754184110964
0.1355733709125038 	 0.05162852734276912
0.13762850382468012 	 0.052390289113328055
0.13971479013562693 	 0.05316297244511977
0.14183270209424328 	 0.053946724303957
0.1439827191081663 	 0.05474169333936733
0.14616532785228897 	 0.05554802989456767
0.1483810223789238 	 0.05636588601616305
0.1506303042296355 	 0.05719541546355373
0.1529136825487689 	 0.05803677371803615
0.15523167419869888 	 0.05889011799158097
0.15758480387682622 	 0.05975560723527198
0.15997360423434712 	 0.060633402147388
0.16239861599682398 	 0.06152366518111196
0.16486038808658304 	 0.06242656055184658
0.16735947774696736 	 0.06334225424411997
0.16989645066847417 	 0.0642709140180616
0.1724718811168036 	 0.06521270941542753
0.17508635206284834 	 0.06616781176515643
0.17774045531465477 	 0.06713639418843419
0.1804347916513834 	 0.068118631603246
0.1831699709593003 	 0.06911470072839365
0.18594661236983046 	 0.07012478008695598
0.18876534439970347 	 0.07114905000916777
0.1916268050932233 	 0.07218769263469386
0.1945316421666957 	 0.07324089191427453
0.1974805131550441 	 0.07430883361071525
0.20047408556064808 	 0.07539170529919548
0.20351303700443876 	 0.0764896963668705
0.20659805537928394 	 0.077602998011738
0.20972983900569828 	 0.07873180324074083
0.21290909678991468 	 0.07987630686707899
0.21613654838435112 	 0.08103670550669902
0.21941292435050988 	 0.082213197573932
0.22273896632434695 	 0.08340598327624861
0.2261154271841475 	 0.08461526460809897
0.22954307122094614 	 0.08584124534380544
0.23302267431153117 	 0.08708413102947433
0.23655502409407098 	 0.0883441289738929
0.2401409201464021 	 0.08962144823837558
0.2437811741670214 	 0.0909162996255251
0.24747661015882078 	 0.09222889566687054
0.25122806461560665 	 0.09355945060934548
0.2550363867114487 	 0.09490818040056814
0.2589024384928969 	 0.09627530267288349
0.26282709507411317 	 0.09766103672612783
0.2668112448349617 	 0.09906560350907592
0.27085578962210094 	 0.10048922559952675
0.274961644953124 	 0.1019321271829873
0.2791297402237946 	 0.10339453402990999
0.28336101891842386 	 0.10487667347143949
0.2876564388234351 	 0.10637877437362378
0.2920169722441685 	 0.10790106711004342
0.2964436062249698 	 0.10944378353281181
0.30093734277261625 	 0.1110071569418988
0.3054991990831303 	 0.11259142205272894
0.31013020777202993 	 0.11419681496200446
0.3148314171080705 	 0.11582357311170292
0.3196038912505295 	 0.11747193525119792
0.32444871049008694 	 0.11914214139745036
0.3293669714933606 	 0.12083443279321836
0.3343597875511443 	 0.12254905186323055
0.33942828883041165 	 0.12428624216826871
0.34457362263013874 	 0.12604624835710446
0.34979695364100566 	 0.1278293161162332
0.3550994642090328 	 0.12963569211734788
0.3604823546032173 	 0.1314656239624966
0.3659468432872228 	 0.13331936012686316
0.3714941671951895 	 0.13519714989911127
0.377125582011725 	 0.13709924331923573
0.3828423624561396 	 0.13902589111385472
0.3886458025709886 	 0.14097734462888664
0.394537216014992 	 0.14295385575954636
0.4005179363603914 	 0.14495567687760078
0.40658931739481574 	 0.14698306075581793
0.4127527334277226 	 0.14903626048954896
0.4190095796014858 	 0.1511155294153776
0.4253612722071959 	 0.15322112102677132
0.43180924900525264 	 0.1553532888866749
0.4383549695508126 	 0.15751228653697336
0.4449999155241727 	 0.15969836740476598
0.45174559106616086 	 0.16191178470538276
0.45859352311861246 	 0.16415279134207914
0.46554526177000416 	 0.16642163980234081
0.4726023806063331 	 0.16871858205073845
0.4797664770673095 	 0.17104386941826116
0.4870391728079517 	 0.1733977524880675
0.4944221140656615 	 0.17578048097758692
0.5019169720328647 	 0.17819230361690988
0.5095254432352978 	 0.18063346802339814
0.5172492499160349 	 0.18310422057245876
0.5250901404253294 	 0.18560480626441037
0.5330498896163692 	 0.1881354685873883
0.5411302992470298 	 0.1906964493762215
0.5493331983877183 	 0.19328798866722513
0.5576604438353973 	 0.19591032454884696
0.5661139205338898 	 0.19856369300811458
0.5746955420005507 	 0.20124832777282176
0.5834072507594081 	 0.2039644601494045
0.5922510187808709 	 0.20671231885645272
0.6012288479281014 	 0.20949212985380547
0.610342770410152 	 0.21230411616718267
0.6195948492419769 	 0.21514849770830782
0.6289871787114112 	 0.21802549109047692
0.6385218848532314 	 0.22093530943953127
0.6482011259304011 	 0.22387816220019907
0.6580270929226144 	 0.22685425493776773
0.6680020100222392 	 0.2298637891350565
0.678128135137787 	 0.23290696198466151
0.6884077604050071 	 0.2359839661764475
0.6988432127057316 	 0.23909498968026507
0.7094368541945859 	 0.24224021552387903
0.7201910828336828 	 0.2454198215660953
0.7311083329354198 	 0.24863398026507663
0.7421910757135098 	 0.25188285844184966
0.7534418198423604 	 0.25516661703900195
0.764863112024933 	 0.25848541087457966
0.7764575375692122 	 0.2618393883912018
0.7882277209734131 	 0.265228691400409
0.8001763265200553 	 0.268653454822274
0.8123060588790519 	 0.27211380642031363
0.824619663719931 	 0.275609866531734
0.8371199283333429 	 0.27914174779306655
0.849809682261987 	 0.2827095548612457
0.8626917979411044 	 0.28631338413019514
0.8757691913486747 	 0.2899533234429946
0.889044822665478 	 0.2936294517997128
0.9025216969451542 	 0.2973418390609922
0.9162028647944229 	 0.3010905456474918
0.9300914230636156 	 0.3048756222352953
0.9441905155476744 	 0.3086971094474089
0.9585033336977741 	 0.31255503754147856
0.9730331173437398 	 0.3164494260938736
0.9877831554274069 	 0.32038028368028776
1.0027567867471023 	 0.3243476075530259
1.0179574007134105 	 0.32835138331515973
1.0333884381163958 	 0.33239158459173973
1.049053391904452 	 0.3364681726982691
1.0649558079749677 	 0.3405810963066679
1.0810992859769646 	 0.34473029110894393
1.097487480125913 	 0.34891567947883734
1.1141241000308926 	 0.35313717013168605
1.1310129115342966 	 0.357394657782798
1.1481577375642589 	 0.36168802280462414
1.1655624590000115 	 0.3660171308830345
1.1832310155503531 	 0.37038183267303504
1.2011674066454348 	 0.37478196345425546
1.2193756923420673 	 0.3792173427865783
1.2378599942427508 	 0.3836877741662807
1.256624496428629 	 0.3881930446830847
1.2756734464066013 	 0.39273292467853516
1.2950111560707762 	 0.3973071674061269
1.3146420026785077 	 0.40191550869364295
1.334570429841225 	 0.4065576666081629
1.3548009485302837 	 0.4112333411242381
1.3753381380980574 	 0.41594221379573626
1.396186647314522 	 0.42068394743188814
1.4173511954195395 	 0.4254581857780754
1.4388365731911 	 0.4302645532019369
1.460647644029755 	 0.43510265438536955
1.4827893450594931 	 0.43997207402304
1.5052666882452925 	 0.44487237652802336
1.528084761527633 	 0.44980310574522697
1.5512487299741886 	 0.45476378467325346
1.574763836948987 	 0.4597539151953935
1.59863540529929 	 0.4647729778204554
1.622868838560467 	 0.46982043143414765
1.6474696221791272 	 0.47489571306176176
1.6724433247548047 	 0.4799982376429163
1.6977955993004548 	 0.4851273978191324
1.723532184522063 	 0.49028256373504503
1.7496589061176504 	 0.4954630828540534
1.7761816780959732 	 0.500668279789244
1.8031065041152012 	 0.5058974561504219
1.8304394788419103 	 0.5111498904081148
1.858186789330653 	 0.5164248377754086
1.886354716424456 	 0.5217215301085063
1.9149496361765415 	 0.5270391758268953
1.9439780212936046 	 0.5323769598540279
1.9734464426009577 	 0.5377340435794253
2.0033615705299064 	 0.5431095648431233
2.0337301766276497 	 0.5485026379433758
2.064559135090082 	 0.5539123536685524
2.0958554243178242 	 0.559337779354147
2.12762612849585 	 0.5647779589658332
2.159878439197042 	 0.570231913209483
2.192619657010077 	 0.575698639669083
2.225857193191973 	 0.5811771129734427
2.259598571345691 	 0.5866662849926217
2.293851429123167 	 0.5921650850649485
2.3286235199541623 	 0.5976724202555279
2.363922714801313 	 0.6031871756470862
2.3997570039418 	 0.6087082146640026
2.4361344987760116 	 0.6142343794303431
2.473063433663628 	 0.6197644911626937
2.5105521677875426 	 0.6252973505985496
2.5486091870460355 	 0.6308317384609999
2.58724310597362 	 0.6363664159603928
2.6264626696910334 	 0.6419001253336454
2.6662767558847587 	 0.6474315904218024
2.7066943768165688 	 0.6529595172864071
2.7477246813635294 	 0.6584825948652022
2.7893769570889293 	 0.6639994956676127
2.8316606323445894 	 0.6695088765104091
2.8745852784050676 	 0.6750093792938884
2.9181606116341885 	 0.6804996318188333
2.962396495684429 	 0.6859782486444496
3.0073029437296412 	 0.6914438319873968
3.0528901207316235 	 0.6968949726619524
3.099168345741035 	 0.7023302510612586
3.1461480942332205 	 0.7077482381795224
3.1938400004794114 	 0.7131474966749336
3.24225485995389 	 0.7185265819729774
3.291403631777635 	 0.7238840434097114
3.341297441199019 	 0.7292184254144773
3.39194758211209 	 0.7345282687313981
3.443365519613062 	 0.7398121116789097
3.4955628925955238 	 0.745068491446448
3.5485515163850097 	 0.7502959454273013
3.602343385413495 	 0.7554930125865048
3.6569506759344494 	 0.760658234862539
3.7123857487790155 	 0.7657901586014468
3.7686611521540163 	 0.7708873360218733
3.825789624482334 	 0.7759483267093764
3.8837840972863655 	 0.7809716991382356
3.9426576981151826 	 0.7859560322188405
4.002423753516072 	 0.7908999168686042
4.063095792051098 	 0.7958019576042045
4.124687547359433 	 0.8006607741528229
4.1872129612660665 	 0.8054750030798984
4.250686186937666 	 0.8102432994307894
4.315121592086266 	 0.8149643383835883
4.380533762221526 	 0.8196368169102031
4.446937503952272 	 0.8242594554426832
4.514347848338128 	 0.8288309995416439
4.5827800542919 	 0.8333502215635062
4.652249612033578 	 0.8378159223231593
4.722772246596673 	 0.8422269327485262
4.79436392138772 	 0.8465821155234103
4.867040841799717 	 0.8508803667148903
4.940819458880382 	 0.8551206173814409
5.015716473055969 	 0.8593018351578604
5.09174883791156 	 0.8634230258130153
5.168933764028655 	 0.8674832347763363
5.247288722880942 	 0.8714815486289441
5.326831450789091 	 0.8754170965552347
5.407579952935558 	 0.8792890517507199
5.489552507440193 	 0.8830966327818931
5.572767669497652 	 0.8868391048938824
5.6572442755775265 	 0.8905157812616624
5.743001447688148 	 0.8941260241806096
5.830058597704997 	 0.8976692461922264
5.918435431764778 	 0.9011449111409119
6.008151954726059 	 0.904552535157723
6.099228474697539 	 0.90789168756716
6.191685607634972 	 0.9111619917131107
6.285544282007772 	 0.9143631257002177
6.38082574353632 	 0.9174948230470612
6.477551560001163 	 0.9205568732477278
6.575743626125036 	 0.9235491222384965
6.67542416852893 	 0.9264714727665838
6.776615750763279 	 0.9293238846581012
6.8793412784154135 	 0.9321063749826161
6.983624004294446 	 0.9348190181119584
7.089487533694716 	 0.9374619456711925
7.196955829739093 	 0.9400353463799607
7.306053218803212 	 0.9425394657827116
7.416804396021959 	 0.944974605866653
7.529234430879434 	 0.9473411245666051
7.643368772883648 	 0.949639435156287
7.759233257327212 	 0.9518700055259308
7.876854111135421 	 0.954033357346505
7.9962579588029135 	 0.9561300651212077
8.117471828420367 	 0.9581607551253009
8.24052315779254 	 0.9601261042357528
8.365439800649055 	 0.9620268386525758
8.492250032949308 	 0.9638637325141566
8.620982559283018 	 0.9656376064092993
8.751666519367733 	 0.9673493257891146
8.884331494644856 	 0.968999799282305
9.019007514975664 	 0.9705899769178084
9.155725065438837 	 0.9721208482591625
9.294515093230975 	 0.9735934404553476
9.435409014671826 	 0.9750088162132485
9.578438722315601 	 0.9763680716972417
9.723636592170134 	 0.9776723343617643
9.871035491025477 	 0.9789227607230566
10.020668783893587 	 0.9801205340765756
10.172570341560746 	 0.9812668621668614
10.326774548254564 	 0.982362974816905
10.483316309427108 	 0.9834101215242865
10.64223105965606 	 0.9844095690315591
10.80355477066564 	 0.98536259887852
10.967323959469129 	 0.986270504944141
11.133575696634757 	 0.9871345909860263
11.30234761467703 	 0.9879561681853286
11.473677916575108 	 0.9887365527050684
11.647605384420405 	 0.9894770632697859
11.82416938819525 	 0.9901790187743923
12.00340989468462 	 0.990843735929986
12.185367476522936 	 0.991472526954256
12.37008332137809 	 0.9920666973139126
12.55759924127458 	 0.9926275435263564
12.747957682058047 	 0.9931563510275386
12.94120173300324 	 0.9936543921126546
13.137375136567671 	 0.994122923955978
13.336522298293042 	 0.9945631867157599
13.538688296856899 	 0.9949764017297111
13.743918894276526 	 0.9953637698061387
13.952260546267592 	 0.9957264696153402
14.163760412759796 	 0.9960656561853566
14.37846636857194 	 0.9963824595056678
14.596427014248754 	 0.9966779832418707
14.817691687062124 	 0.9969533035638233
15.042310472178967 	 0.9972094680891705
15.270334213998439 	 0.9974474949435874
15.501814527661013 	 0.997668371938492
15.73680381073203 	 0.9978730558663998
15.97535525506226 	 0.9980624719135105
16.217522858828453 	 0.9982375131885453
16.463361438756206 	 0.9983990403662963
16.712926642528245 	 0.9985478814438037
16.966274961380726 	 0.998684831606553
17.223463742890562 	 0.9988106532015868
17.484551203956443 	 0.9989260758139511
17.74959644397686 	 0.9990317964424545
18.01865945822768 	 0.9991284797703129
18.29180115144263 	 0.9992167585258769
18.569083351599577 	 0.9992972339283108
18.850568823915875 	 0.9993704762127975
19.13632128505572 	 0.999437025229596
19.42640541755308 	 0.999497391111073
19.72088688445308 	 0.9995520550006716
20.01983234417541 	 0.9996014698376621
20.323309465603028 	 0.9996460611914554
20.631386943399622 	 0.9996862281392295
20.944134513559163 	 0.9997223441806441
21.26162296919136 	 0.9997547581834769
21.583924176546216 	 0.9997837953541209
21.911111091281587 	 0.9998097582270231
22.24325777497734 	 0.9998329276673248
22.580439411899842 	 0.9998535638811752
22.922732326020462 	 0.9998719074284373
23.27021399829233 	 0.9998881802327737
23.622963084188697 	 0.9999025865843965
23.98105943150732 	 0.9999153141310859
24.344584098444695 	 0.999926534853412
24.7136193719443 	 0.9999364060204442
25.088248786322865 	 0.9999450711225906
25.468557142179215 	 0.9999526607785718
25.854630525589545 	 0.9999592936139008
26.24655632759374 	 0.9999650771086015
26.64442326397712 	 0.9999701084122662
27.048321395352026 	 0.9999744751248959
27.458342147543725 	 0.9999782560423154
27.87457833228558 	 0.9999815218652811
28.297124168227697 	 0.9999843358717148
28.726075302264146 	 0.9999867545517879
29.161528831183453 	 0.9999888282058619
29.603583323647342 	 0.9999906015055403
30.05233884250244 	 0.9999921140183261
30.507896967430696 	 0.9999934006965816
30.97036081794244 	 0.9999944923316829
31.43983507671852 	 0.9999954159744168
31.916426013306364 	 0.9999961953228126
32.40024150817454 	 0.9999968510787166
32.89139107713293 	 0.9999974012745139
33.3899858961221 	 0.9999978615714705
33.89613882637941 	 0.9999982455312298
34.409964439985714 	 0.9999985648620228
34.931579045799886 	 0.9999988296411743
35.46110071578658 	 0.9999990485154847
35.99864931174233 	 0.9999992288810525
36.54434651242788 	 0.9999993770440743
37.09831584111071 	 0.9999994983641226
37.66068269352582 	 0.9999995973813509
38.23157436626033 	 0.9999996779290181
38.81112008556769 	 0.9999997432326635
39.399451036619695 	 0.999999795997191
39.996700393200825 	 0.999999838483053
40.60300334785388 	 0.9999998725726451
41.218497142481404 	 0.9999998998279512
41.84332109941185 	 0.9999999215403976
42.477616652936625 	 0.999999938773802
43.12152738132435 	 0.9999999524012287
43.77519903932176 	 0.9999999631364885
44.43877959114593 	 0.9999999715609524
45.11241924397749 	 0.9999999781462853
45.79627048196162 	 0.9999999832736385
46.49048810072349 	 0.9999999872497884
47.19522924240834 	 0.9999999903206473
47.91065343125119 	 0.9999999926825264
48.63692260968732 	 0.9999999944914861
49.37420117500862 	 0.9999999958710631
50.12265601657667 	 0.9999999969186275
50.882456553599845 	 0.99999999771059
51.65377477348213 	 0.9999999983066484
52.43678527075478 	 0.9999999987532331
53.23166528659655 	 0.9999999990862911
54.0385947489541 	 0.9999999993335243
54.85775631327052 	 0.9999999995161801
55.68933540383026 	 0.999999999650478
56.53352025573236 	 0.9999999997487393
57.39050195749821 	 0.9999999998202778
58.26047449432697 	 0.9999999998720993
59.143634792005024 	 0.9999999999094465
60.040182761482136 	 0.9999999999362231
60.95032134412342 	 0.99999999995532
61.87425655764598 	 0.9999999999688669
62.812197542753815 	 0.9999999999784249
63.764356610477726 	 0.9999999999851316
64.73094929023414 	 0.999999999989811
65.71219437861241 	 0.9999999999930577
66.70831398890044 	 0.9999999999952972
67.71953360136301 	 0.999999999996833
68.74608211428001 	 0.99999999999788
69.78819189576076 	 0.9999999999985895
70.84609883634145 	 0.9999999999990673
71.92004240238151 	 0.9999999999993872
73.01026569026926 	 0.9999999999995999
74.11701548144786 	 0.9999999999997404
75.24054229827766 	 0.9999999999998327
76.38110046074294 	 0.9999999999998929
77.53894814401998 	 0.9999999999999319
78.71434743691768 	 0.999999999999957
79.90756440120246 	 0.999999999999973
81.11886913182504 	 0.9999999999999832
82.34853581805733 	 0.9999999999999896
83.59684280555894 	 0.9999999999999937
84.8640726593819 	 0.9999999999999961
86.15051222793227 	 0.9999999999999977
87.45645270790116 	 0.9999999999999986
88.78218971017853 	 0.9999999999999991
90.12802332676856 	 0.9999999999999996
91.49425819871684 	 0.9999999999999997
92.8812035850691 	 0.9999999999999998
94.28917343287515 	 0.9999999999999999
95.7184864482522 	 0.9999999999999999
97.16946616852829 	        1.0
98.6424410354762 	        1.0
100.13774446966062 	        1.0
101.65571494590941 	        1.0
103.19669606993088 	        1.0
104.76103665609253 	        1.0
106.34909080637675 	        1.0
107.96121799053648 	        1.0
109.59778312746293 	        1.0
111.25915666778856 	        1.0
112.94571467774266 	        1.0
114.65783892427544 	        1.0
116.3959169614762 	        1.0
118.16034221829767 	        1.0
119.95151408761387 	        1.0
121.76983801662453 	        1.0
123.61572559863225 	        1.0
125.48959466621095 	        1.0
127.39186938578408 	        1.0
129.32298035364047 	        1.0
131.28336469340167 	        1.0
133.2734661549693 	        1.0
135.29373521497274 	        1.0
137.34462917873628 	        1.0
139.4266122837964 	        1.0
141.5401558049837 	        1.0
143.68573816110234 	        1.0
145.86384502322215 	        1.0
148.07496942461543 	        1.0
150.3196118723601 	        1.0
152.59828046063174 	        1.0
154.91149098571756 	        1.0
157.25976706276904 	        1.0
159.64364024432786 	        1.0
162.06365014064818 	        1.0
164.5203445418399 	        1.0
167.01427954186838 	        1.0
169.5460196644282 	        1.0
172.11613799073098 	        1.0
174.72521628922462 	        1.0
177.37384514728274 	        1.0
180.06262410489023 	        1.0
182.7921617903519 	        1.0
185.5630760580636 	        1.0
188.37599412836616 	        1.0
191.23155272952351 	        1.0
194.1303982418526 	        1.0
197.0731868440344 	        1.0
200.06058466164893 	        1.0
203.0932679179552 	        1.0
206.17192308696337 	        1.0
209.29724704882142 	        1.0
212.46994724756092 	        1.0
215.6907418512346 	        1.0
218.96035991447675 	        1.0
222.2795415435346 	        1.0
225.64903806379456 	        1.0
229.0696121898526 	        1.0
232.5420381981627 	        1.0
236.06710210229755 	        1.0
239.64560183087357 	        1.0
243.27834740816493 	        1.0
246.96616113746336 	        1.0
250.70987778721027 	        1.0
254.51034477995526 	        1.0
258.368422384179 	        1.0
262.2849839090187 	        1.0
266.2609159019538 	        1.0
270.2971183494793 	        1.0
274.3945048808275 	        1.0
278.5540029747775 	        1.0
282.7765541695938 	        1.0
287.06311427615645 	        1.0
291.41465359431237 	        1.0
295.83215713251576 	        1.0
300.31662483078924 	        1.0
304.8690717870703 	        1.0
309.4905284869899 	        1.0
314.1820410371269 	        1.0
318.9446714018086 	        1.0
323.7794976434905 	        1.0
328.68761416679 	        1.0
333.6701319662099 	        1.0
338.72817887762335 	        1.0
343.86289983357153 	        1.0
349.0754571224241 	        1.0
354.36703065147873 	        1.0
359.73881821403836 	        1.0
365.1920357605442 	        1.0
370.7279176738187 	        1.0
376.3477170484738 	        1.0
382.0527059745655 	        1.0
387.84417582553647 	        1.0
393.72343755053555 	        1.0
399.691821971157 	        1.0
405.750680082686 	        1.0
411.9013833599103 	        1.0
418.14532406755956 	        1.0
424.48391557546347 	        1.0
430.91859267847394 	        1.0
437.45081192124604 	        1.0
444.0820519279421 	        1.0
450.81381373692454 	        1.0
457.64762114053656 	        1.0
464.58502103001786 	        1.0
471.6275837456646 	        1.0
478.77690343228267 	        1.0
486.034598400039 	        1.0
493.40231149078306 	        1.0
500.88171044991117 	        1.0
508.47448830388333 	        1.0
516.182363743447 	        1.0
524.007081512681 	        1.0
531.9504128039359 	        1.0
540.014155658752 	        1.0
548.2001353748695 	        1.0
556.5102049193923 	        1.0
564.9462453482313 	        1.0
573.5101662318901 	        1.0
582.2039060877164 	        1.0
591.0294328187048 	        1.0
599.9887441589414 	        1.0
609.0838681258169 	        1.0
618.3168634790778 	        1.0
627.6898201868478 	        1.0
637.2048598987142 	        1.0
646.8641364259723 	        1.0
656.6698362291698 	        1.0
666.6241789130206 	        1.0
676.7294177288413 	        1.0
686.9878400845861 	        1.0
697.4017680626238 	        1.0
707.9735589453664 	        1.0
718.7056057488503 	        1.0
729.6003377644271 	        1.0
740.660221108645 	        1.0
751.8877592814796 	        1.0
763.2854937330275 	        1.0
774.8560044387744 	        1.0
786.6019104836078 	        1.0
798.5258706546562 	        1.0
810.6305840431415 	        1.0
822.9187906553308 	        1.0
835.3932720327643 	        1.0
848.0568518818873 	        1.0
860.9123967132076 	        1.0
873.9628164901698 	        1.0
887.2110652878373 	        1.0
900.6601419615788 	        1.0
914.3130908258898 	        1.0
928.1730023434874 	        1.0
942.2430138248774 	        1.0
956.5263101384967 	        1.0
971.026124431651 	        1.0
985.7457388623528 	        1.0
1000.6884853422703 	        1.0
1015.857746290942 	        1.0
1031.2569554014017 	        1.0
1046.8895984174408 	        1.0
1062.7592139226222 	        1.0
1078.8693941412757 	        1.0
1095.2237857516345 	        1.0
1111.8260907112783 	        1.0
1128.68006709512 	        1.0
1145.7895299460608 	        1.0
1163.1583521385767 	        1.0
1180.7904652553595 	        1.0
1198.6898604772732 	        1.0
1216.8605894867985 	        1.0
1235.3067653851488 	        1.0
1254.0325636233265 	        1.0
1273.0422229472542 	        1.0
1292.3400463572602 	        1.0
1311.9304020821055 	        1.0
1331.8177245677537 	        1.0
1352.0065154811662 	        1.0
1372.501344729272 	        1.0
1393.3068514934275 	        1.0
1414.427745279516 	        1.0
1435.8688069839932 	        1.0
1457.6348899760926 	        1.0
1479.730921196408 	        1.0
1502.1619022721711 	        1.0
1524.9329106493944 	        1.0
1548.0491007422013 	        1.0
1571.5157050995836 	        1.0
1595.3380355898105 	        1.0
1619.5214846028425 	        1.0
1644.0715262709193 	        1.0
1668.9937177077024 	        1.0
1694.293700266153 	        1.0
1719.977200815511 	        1.0
1746.050033037631 	        1.0
1772.5180987429358 	        1.0
1799.3873892063696 	        1.0
1826.6639865235502 	        1.0
1854.3540649875144 	        1.0
1882.4638924863334 	        1.0
1910.9998319218778 	        1.0
1939.9683426501447 	        1.0
1969.3759819433587 	        1.0
1999.2294064742982 	        1.0
2029.535373823062 	        1.0
2060.3007440067186 	        1.0
2091.5324810321436 	        1.0
2123.2376544723506 	        1.0
2155.4234410667877 	        1.0
2188.0971263458214 	        1.0
2221.2661062798925 	        1.0
2254.9378889536733 	        1.0
2289.120096265553 	        1.0
2323.8204656529592 	        1.0
2359.0468518437547 	        1.0
2394.807228634261 	        1.0
2431.1096906941625 	        1.0
2467.9624553988206 	        1.0
2505.3738646893594 	        1.0
2543.3523869609044 	        1.0
2581.906618979514 	        1.0
2621.045287828099 	        1.0
2660.777252881885 	        1.0
2701.111507813828 	        1.0
2742.0571826303703 	        1.0
2783.6235457381385 	        1.0
2825.8200060418867 	        1.0
2868.6561150743246 	        1.0
2912.141569158151 	        1.0
2956.286211600918 	        1.0
3001.100034923164 	        1.0
3046.5931831202674 	        1.0
3092.7759539586755 	        1.0
3139.6588013068485 	        1.0
3187.2523375016026 	        1.0
3235.5673357503224 	        1.0
3284.614732569524 	        1.0
3334.4056302604845 	        1.0
3384.951299422286 	        1.0
3436.263181503071 	        1.0
3488.3528913898635 	        1.0
3541.23222003772 	        1.0
3594.913137138732 	        1.0
3649.4077938314254 	        1.0
3704.7285254513267 	        1.0
3760.887854323126 	        1.0
3817.898492595232 	        1.0
3875.7733451173017 	        1.0
3934.52551236131 	        1.0
3994.1682933870165 	        1.0
4054.715188852259 	        1.0
4116.179904069008 	        1.0
4178.576352105627 	        1.0
4241.9186569362355 	        1.0
4306.221156637825 	        1.0
4371.498406635738 	        1.0
4437.765182998493 	        1.0
4505.036485782405 	        1.0
4573.327542427008 	        1.0
4642.653811201945 	        1.0
4713.030984706015 	        1.0
4784.474993419403 	        1.0
4857.002009309608 	        1.0
4930.628449492179 	        1.0
5005.370979946809 	        1.0
5081.246519289845 	        1.0
5158.272242604004 	        1.0
5236.465585326016 	        1.0
5315.84424719338 	        1.0
5396.426196250774 	        1.0
5478.229672917308 	        1.0
5561.273194115432 	        1.0
5645.575557462326 	        1.0
5731.155845524997 	        1.0
5818.03343013968 	        1.0
5906.227976796923 	        1.0
5995.759449092953 	        1.0
6086.648113248646 	        1.0
6178.914542696996 	        1.0
6272.579622740005 	        1.0
6367.664555276347 	        1.0
6464.190863600516 	        1.0
6562.1803972748485 	        1.0
6661.655337075393 	        1.0
6762.638200012635 	        1.0
6865.151844428518 	        1.0
6969.219475170525 	        1.0
7074.864648844396 	        1.0
7182.111279146278 	        1.0
7290.983642275839 	        1.0
7401.506382431433 	        1.0
7513.704517388432 	        1.0
7627.603444162326 	        1.0
7743.228944757459 	        1.0
7860.607192003047 	        1.0
7979.764755477674 	        1.0
8100.728607523434 	        1.0
8223.526129351481 	        1.0
8348.185117239873 	        1.0
8474.733788825632 	        1.0
8603.20078949193 	        1.0
8733.615198852269 	        1.0
8866.006537332956 	        1.0
9000.404772855187 	        1.0
9136.840327618678 	        1.0
9275.344084987875 	        1.0
9415.947396482718 	        1.0
9558.682088875383 	        1.0
9703.580471394425 	        1.0
9850.675343038392 	        1.0
   10000.0 	        1.0
