#scaled time 	 tcdf 
0.0030549852862733545 	 0.0009332471621297823
0.003101206140952684 	 0.0009473601736812865
0.0031481263009337074 	 0.0009616865062316468
0.003195756346460091 	 0.0009762293810388206
0.0032441070178508696 	 0.0009909920679079607
0.0032931892179223436 	 0.0010059778859201507
0.003343014014446586 	 0.001021190204171984
0.003393592642647177 	 0.0010366324425261648
0.003444936507732687 	 0.0010523080723732756
0.0034970571874684856 	 0.001068220617404875
0.0035499664347874668 	 0.0010843736543980876
0.0036036761804402696 	 0.001100770814011882
0.0036581985356856123 	 0.001117415781595161
0.0037135457950212935 	 0.0011343122980068795
0.0037697304389565493 	 0.0011514641604483359
0.0038267651368263395 	 0.0011688752233078377
0.003884662749648213 	 0.0011865493990178978
0.003943436333022398 	 0.0012044906589251632
0.004003099140075769 	 0.0012227030341732538
0.004063664624450355 	 0.0012411906165986947
0.004125146443337075 	 0.0012599575596401443
0.004187558460555339 	 0.0012790080792610926
0.004250914749679281 	 0.0012983464548862492
0.004315229597211271 	 0.0013179770303517976
0.004380517505803443 	 0.0013379042148697255
0.004446793197527964 	 0.0013581324840064427
0.0045140716171967795 	 0.0013786663806758751
0.004582367935731608 	 0.0013995105161472697
0.0046516975535848696 	 0.001420669571067891
0.00472207610421243 	 0.0014421482965008487
0.004793519457598848 	 0.001463951514978273
0.004866043723835982 	 0.0014860841215700443
0.004939665256755719 	 0.0015085510849683161
0.005014400657617677 	 0.0015313574485880444
0.005090266778852718 	 0.0015545083316837816
0.00516728072786305 	 0.0015780089304829178
0.005245459870879874 	 0.0016018645193356619
0.005324821836879373 	 0.0016260804518819741
0.005405384521557946 	 0.0016506621622356813
0.005487166091367599 	 0.00167561516618606
0.005570184987612369 	 0.0017009450624170868
0.005654459930606768 	 0.0017266575337446678
0.005740009923897073 	 0.00175275834837203
0.005826854258546552 	 0.0017792533611636098
0.005915012517485483 	 0.0018061485149376566
0.006004504579927007 	 0.0018334498417778263
0.006095350625849777 	 0.0018611634643640363
0.006187571140548431 	 0.0018892955973228616
0.006281186919252941 	 0.0019178525485977515
0.006376219071817789 	 0.001946840720839324
0.006472689027482149 	 0.001976266612816057
0.006570618539702055 	 0.002006136820845634
0.0066700296910557 	 0.0020364580402472687
0.006770944898222924 	 0.0020672370668152647
0.00687338691704006 	 0.0020984807983141503
0.006977378847631272 	 0.0021301962359956675
0.007082944139617473 	 0.0021623904861379157
0.0071901065974041105 	 0.0021950707616070005
0.00729889038554893 	 0.0022282443834414603
0.007409320034210952 	 0.002261918782459808
0.007521420444681887 	 0.0022961015008915223
0.007635216895001238 	 0.0023308001940317903
0.007750735045656395 	 0.002366022631920376
0.007868000945368887 	 0.002401776701044888
0.007987041036968262 	 0.0024380704060688353
0.008107882163354794 	 0.0024749118715848275
0.00823055157355241 	 0.0025123093438932154
0.008355076928853206 	 0.0025502711928065513
0.00848148630905491 	 0.002588805913480265
0.008609808218792725 	 0.0026279221282698296
0.008740071593967001 	 0.002667628588614892
0.00887230580826807 	 0.0027079341769506325
0.009006540679799899 	 0.0027488479086468154
0.009142806477803894 	 0.0027903789339748675
0.009281133929484455 	 0.0028325365401033545
0.009421554226937799 	 0.0028753301531223075
0.009564099034185604 	 0.0029187693400967102
0.009708800494315066 	 0.002962863811149623
0.009855691236727037 	 0.003007623421575305
0.010004804384493714 	 0.00305305817398273
0.010156173561827755 	 0.0030991782204699554
0.010309832901664356 	 0.003145993864829726
0.010465817053358027 	 0.003193515564786741
0.010624161190495848 	 0.0032417539342670288
0.01078490101882893 	 0.0032907197456998574
0.010948072784323854 	 0.003340423932352569
0.011113713281335948 	 0.003390877590698868
0.011281859860906218 	 0.0034420919828209518
0.011452550439183801 	 0.003494078538845942
0.011625823505975862 	 0.0035468488594170883
0.011801718133426824 	 0.0036004147182001904
0.011980273984828958 	 0.0036547880644257546
0.012161531323566191 	 0.0037099810254672514
0.012345531022193337 	 0.003766005909456091
0.012532314571652598 	 0.003822875207933683
0.012721924090629564 	 0.0038806015985411394
0.01291440233505075 	 0.003939197947747066
0.013109792707724822 	 0.003998677313614001
0.013308139268129716 	 0.004059052948603924
0.013509486742347776 	 0.004120338302423434
0.013713880533151297 	 0.0041825470249090314
0.013921366730240546 	 0.004245692968953073
0.014131992120636788 	 0.004309790193470901
0.014345804199232487 	 0.0043748529664097025
0.014562851179501147 	 0.0044408957677996
0.014783182004369216 	 0.0045079332928475305
0.015006846357252409 	 0.004575980455074458
0.0152338946732591 	 0.004645052389496509
0.015464378150563129 	 0.00471516445585048
0.015698348761948724 	 0.004786332241864385
0.0159358592665301 	 0.004858571566573609
0.01617696322164833 	 0.004931898483683102
0.016421714994948284 	 0.00500632928497642
0.016670169776638166 	 0.005081880503771938
0.016922383591934688 	 0.005158568918427041
0.017178413313696395 	 0.005236411555890729
0.017438316675248224 	 0.005315425695305364
0.017702152283400042 	 0.00539562887165802
0.017969979631662164 	 0.005477038879482161
0.018241859113660826 	 0.005559673776610217
0.01851785203675664 	 0.005643551887977625
0.01879802063586906 	 0.005728691809479083
0.01908242808750999 	 0.005815112411877449
0.01937113852402979 	 0.0059028328447661435
0.01966421704807877 	 0.005991872540585508
0.01996172974728747 	 0.006082251218693814
0.020263743709169064 	 0.0061739888894936515
0.02057032703624728 	 0.0062671058586142
0.020881548861413073 	 0.006361622731150123
0.021197479363513804 	 0.006457560415957758
0.021518189783178127 	 0.006554940130009206
0.021843752438880395 	 0.0066537834028049594
0.02217424074324809 	 0.006754112080845905
0.02250972921961596 	 0.006855948332165136
0.022850293518830667 	 0.006959314650920443
0.02319601043630958 	 0.007064233862048001
0.023546957929357813 	 0.007170729125978151
0.0239032151347471 	 0.0072788239434136955
0.02426486238656075 	 0.007388542160171579
0.02463198123430855 	 0.0074999079720886215
0.025004654461315716 	 0.007612945929991932
0.025382966103390154 	 0.007727680944734742
0.02576700146777198 	 0.007844138292298318
0.026156847152369947 	 0.007962343618960789
0.02655259106528873 	 0.008082322946533294
0.026954322444651766 	 0.008204102677664561
0.027362131878723966 	 0.008327709601214196
0.027776111326338872 	 0.008453170897695726
0.028196354137634924 	 0.008580514144789922
0.028622955075105323 	 0.008709767322929109
0.02905601033496658 	 0.008840958820953298
0.029495617568850132 	 0.008974117441838632
0.029941875905822337 	 0.009109272408499092
0.03039488597473751 	 0.009246453369661975
0.030854749926929187 	 0.009385690405817963
0.03132157145924475 	 0.009527014035246402
0.03179545583742845 	 0.009670455220116558
0.032276509919858254 	 0.009816045372665465
0.032764842181641926 	 0.009963816361453262
0.03326056273907747 	 0.010113800517696322
0.03376378337448385 	 0.01026603064167927
0.034274617561407233 	 0.010420540009246386
0.03479318049020873 	 0.010577362378373008
0.03531958909403914 	 0.010736531995817778
0.0358539620752068 	 0.010898083603856204
0.03639641993194424 	 0.011062052447096356
0.036947084985580025 	 0.011228474279377381
0.0375060814081214 	 0.011397385370751242
0.03807353525025447 	 0.01156882251454855
0.03864957446976804 	 0.011742823034529164
0.03923432896040725 	 0.011919424792117841
0.03982793058116404 	 0.012098666193725958
0.04043051318601055 	 0.012280586198159707
0.04104221265408258 	 0.01246522432411529
0.04166316692031951 	 0.012652620657761874
0.042293516006567895 	 0.012842815860412688
0.04293340205315573 	 0.01303585117628504
0.04358296935094421 	 0.013231768440349482
0.0442423643738646 	 0.013430610086268958
0.044911735811947295 	 0.013632419154428315
0.04559123460485071 	 0.013837239300054534
0.04628101397589724 	 0.014045114801428482
0.046981229466624336 	 0.014256090568188214
0.0476920389718583 	 0.01447021214972468
0.048413602775318774 	 0.01468752574366996
0.049146083585761724 	 0.014908078204478597
0.04988964657366946 	 0.01513191705210216
0.05064445940849578 	 0.015359090480757766
0.05141069229647435 	 0.015589647367790456
0.05218851801899944 	 0.01582363728263002
0.052978111971587076 	 0.016061110495842478
0.053779652203425975 	 0.0163021179882762
0.05459331945752646 	 0.01654671146030337
0.05541929721147715 	 0.016794943341156474
0.05625777171881821 	 0.017046866798360188
0.05710893205104042 	 0.01730253574725879
0.057972970140219834 	 0.017562004860639063
0.05885008082229739 	 0.017825329578448804
0.05974046188101349 	 0.018092566117610925
0.06064431409250702 	 0.018363771481932908
0.061561841270589335 	 0.018639003472111906
0.06249325031270318 	 0.018918320695834937
0.06343875124657705 	 0.019201782577974336
0.06439855727758516 	 0.019489449370877876
0.06537288483682412 	 0.019781382164753662
0.06636195362991716 	 0.020077642898149155
0.06736598668655636 	 0.020378294368524067
0.06838521041079472 	 0.02068340024291666
0.0694198546320991 	 0.020993025068702983
0.07047015265717552 	 0.021307234284448372
0.07153634132257848 	 0.021626094230850677
0.07261866104811639 	 0.021949672161774493
0.07371735589106501 	 0.022278036255375666
0.07483267360120092 	 0.022611255625315036
0.07596486567666787 	 0.0229494003320609
0.07711418742068814 	 0.023292541394278707
0.07828089799913224 	 0.023640750800307465
0.0794652604989592 	 0.023994101519721117
0.0806675419875414 	 0.024352667514974276
0.08188801357288675 	 0.024716523753130427
0.08312695046477221 	 0.025085746217671595
0.08438463203680198 	 0.025460411920387758
0.08566134188940472 	 0.025840598913344438
0.08695736791378415 	 0.02622638630092687
0.08827300235683672 	 0.026617854251958725
0.08960854188705178 	 0.027015084011893706
0.09096428766140877 	 0.02741815791507782
0.0923405453932866 	 0.027827159397080338
0.0937376254214001 	 0.02824217300709082
0.09515584277977993 	 0.02866328442038042
0.09659551726881109 	 0.02909058045082435
0.09805697352734603 	 0.029524149063483236
0.0995405411059091 	 0.029964079387240463
0.10104655454100825 	 0.03041046172749246
0.10257535343057153 	 0.030863387578889265
0.10412728251052425 	 0.031322949638121565
0.10570269173252526 	 0.03178924181675129
0.10730193634287906 	 0.03226235925408215
0.1089253769626422 	 0.032742398330066334
0.11057337966894099 	 0.03322945667824342
0.11224631607752013 	 0.03372363319870764
0.11394456342654023 	 0.0342250280710996
0.11566850466164263 	 0.034733742767616906
0.11741852852230183 	 0.03524988006604056
0.119195029629484 	 0.03577354406277148
0.12099840857463215 	 0.03630484018587223
0.12282907200999699 	 0.03684387520810891
0.12468743274033497 	 0.03739075725998782
0.12657390981599378 	 0.03794559584278129
0.12848892862740555 	 0.038508501841536494
0.13043292100101028 	 0.039079587538061684
0.13240632529663035 	 0.039658966623882935
0.13440958650631854 	 0.04024675421316557
0.13644315635470092 	 0.04084306685559238
0.13850749340083862 	 0.04144802254919282
0.14060306314163026 	 0.0420617407531146
0.14273033811677932 	 0.042684342400331005
0.14488979801534885 	 0.043315949910275306
0.14708192978392895 	 0.043956687201394715
0.14930722773644092 	 0.04460667970361466
0.1515661936656019 	 0.0452660543707052
0.15385933695607668 	 0.04593493969254016
0.1561871746993411 	 0.04661346570723935
0.1585502318102837 	 0.047301764013184665
0.16094904114557074 	 0.04799996778089935
0.16338414362380285 	 0.04870821176478012
0.165856088347489 	 0.04942663231467157
0.1683654327268666 	 0.05015536738727147
0.170912742605594 	 0.05089455655735515
0.17349859238834534 	 0.05164434102880753
0.17612356517033614 	 0.05240486364545019
0.17878825286880748 	 0.05317626890165041
0.18149325635650052 	 0.053958702952699396
0.18423918559714997 	 0.05475231362494634
0.1870266597830279 	 0.055557250425673534
0.18985630747456778 	 0.05637366455269856
0.19272876674210174 	 0.05720170890368869
0.19564468530974227 	 0.05804153808517189
0.19860472070143995 	 0.058893308421228474
0.2016095403892519 	 0.059757177961847416
0.20465982194385313 	 0.06063330649093
0.20775625318732518 	 0.06152185553392407
0.210899532348256 	 0.06242298836507014
0.21409036821918698 	 0.06333687001424175
0.2173294803164416 	 0.06426366727336055
0.22061759904237302 	 0.06520354870236737
0.2239554658500653 	 0.06615668463472786
0.2273438334105272 	 0.0671232471824535
0.23078346578241596 	 0.06810341024061613
0.23427513858432764 	 0.06909734949133353
0.23781963916969545 	 0.070105242407205
0.24141776680433347 	 0.07112726825417268
0.24507033284666724 	 0.07216360809378541
0.24877816093069002 	 0.07321444478484082
0.2525420871516882 	 0.07427996298438036
0.2563629602547766 	 0.07536034914801218
0.26024164182628534 	 0.07645579152953476
0.26417900648804316 	 0.0775664801798347
0.26817594209459994 	 0.07869260694503137
0.27223334993343357 	 0.07983436546383876
0.27635214492818444 	 0.0809919511641164
0.28053325584496663 	 0.0821655612585798
0.28477762550179936 	 0.08335539473963781
0.28908621098120757 	 0.08456165237332794
0.29345998384603855 	 0.08578453669231598
0.2978999303585443 	 0.087024251987927
0.3024070517027787 	 0.08828100430117525
0.3069823642103583 	 0.08955500141275648
0.31162689958964074 	 0.09084645283196935
0.31634170515836846 	 0.09215556978452859
0.3211278440798336 	 0.09348256519923297
0.3259863956026157 	 0.09482765369345154
0.33091845530394637 	 0.09619105155738769
0.33592513533675594 	 0.0975729767370831
0.34100756468045784 	 0.09897364881612042
0.3461668893955286 	 0.10039328899598475
0.35140427288193615 	 0.1018321200750398
0.35672089614148206 	 0.10329036642607789
0.3621179580441103 	 0.1047682539723996
0.36759667559824605 	 0.10626601016237786
0.37315828422522485 	 0.10778386394246128
0.3788040380378727 	 0.10932204572857125
0.3845352101233035 	 0.11088078737584448
0.39035309282999103 	 0.11246032214667395
0.3962589980591881 	 0.11406088467699783
0.4022542575607527 	 0.11568271094078957
0.4083402232334507 	 0.11732603821269465
0.4145182674298016 	 0.11899110502876653
0.4207897832655364 	 0.12067815114524626
0.42715618493373786 	 0.12238741749533452
0.4336189080237346 	 0.12411914614390217
0.4401794098448164 	 0.12587358024008302
0.4468391697548515 	 0.12765096396769537
0.45359968949387297 	 0.12945154249343463
0.4604624935227135 	 0.1312755619127811
0.4674291293667628 	 0.13312326919356327
0.47450116796492575 	 0.1349949121171205
0.4816802040238629 	 0.13689073921700526
0.48896785637758516 	 0.13881099971516256
0.49636576835249385 	 0.1407559434555308
0.5038756081379421 	 0.14272582083499938
0.5114990691624016 	 0.1447208827316619
0.519237870475323 	 0.14674138043030485
0.5270937571347704 	 0.14878756554506734
0.5350685006009254 	 0.15085968993920892
0.5431638991355385 	 0.1529580056419226
0.5513817782074298 	 0.1550827647621299
0.5597239909041215 	 0.15723421939919235
0.5681924183496994 	 0.15941262155047592
0.576788970128996 	 0.1616182230157045
0.5855155847181914 	 0.16385127529803614
0.5943742299219317 	 0.1661120295018005
0.6033669033170538 	 0.1684007362268282
0.612495632703032 	 0.17071764545931242
0.6217624765592343 	 0.1730630064591358
0.6311695245090989 	 0.1754370676435987
0.6407188977913328 	 0.17784007646748626
0.6504127497382393 	 0.18027227929940995
0.6602532662612849 	 0.1827339212943623
0.6702426663440075 	 0.18522524626242032
0.6803832025423874 	 0.1877464965335406
0.6906771614927856 	 0.19029791281838118
0.7011268644275687 	 0.19287973406509434
0.7117346676985338 	 0.1954921973120306
0.7225029633082531 	 0.19813553753629753
0.7334341794494577 	 0.20080998749811768
0.7445307810525834 	 0.2035157775809327
0.7557952703415967 	 0.20625313562719932
0.767230187398234 	 0.20902228676983045
0.7788381107347772 	 0.2118234532592295
0.7906216578754931 	 0.21465685428587455
0.8025834859468719 	 0.2175227057984081
0.8147262922767935 	 0.22042122031718955
0.8270528150027642 	 0.2233526067432772
0.8395658336893468 	 0.22631707016279673
0.8522681699549405 	 0.22931481164667278
0.8651626881080406 	 0.2323460280456884
0.8782522957931238 	 0.235410911780851
0.8915399446463069 	 0.23850965062904192
0.9050286309609239 	 0.24164242750393333
0.9187213963631774 	 0.2448094202321616
0.9326213284980039 	 0.248010801324744
0.9467315617253244 	 0.2512467377437423
0.9610552778268249 	 0.25451739066417006
0.9755957067234313 	 0.25782291523115397
0.9903561272036386 	 0.26116346031236104
1.00533986766286 	 0.2645391682457115
1.020550306853965 	 0.26795017458240433
1.035990874649165 	 0.2713966078252833
1.0516650528134346 	 0.27487858916258845
1.0675763757896295 	 0.2783962321971352
1.0837284314954856 	 0.2819496426709776
1.1001248621326734 	 0.28553891818561666
1.1167693650080963 	 0.28916414791782374
1.133665693367612 	 0.29282541233116055
1.1508176572423723 	 0.29652278288328165
1.168229124307961 	 0.30025632172911626
1.185904020756535 	 0.30402608142004073
1.2038463321821604 	 0.3078321045991549
1.2220601044795425 	 0.31167442369279313
1.2405494447563523 	 0.3155530605984081
1.2593185222593566 	 0.319468026368978
1.2783715693145656 	 0.32341932089409936
1.2977128822815924 	 0.32740693257793985
1.3173468225224636 	 0.3314308380142368
1.3372778173850812 	 0.33549100165854445
1.3575103612015678 	 0.3395873754979391
1.3780490163017112 	 0.3437198987184113
1.3988984140417469 	 0.3478884973701866
1.4200632558487076 	 0.35209308403122935
1.441548314280562 	 0.3563335574691985
1.4633584341024066 	 0.36060980230214684
1.4854985333789328 	 0.3649216886582581
1.5079736045834233 	 0.36926907183494495
1.5307887157235294 	 0.3736517919576412
1.5539490114840762 	 0.37806967363863353
1.5774597143871691 	 0.38252252563631317
1.6013261259698344 	 0.3870101405152159
1.625553627979493 	 0.3915322943072695
1.6501476835875153 	 0.396088746174663
1.6751138386211362 	 0.4006792380747745
1.7004577228140085 	 0.4053034944276213
1.726185051075678 	 0.4099612217863084
1.7523016247802692 	 0.414652108510968
1.7788133330746556 	 0.4193758244467089
1.8057261542064365 	 0.42413202060610944
1.8330461568719982 	 0.42892032885680736
1.8607795015849729 	 0.43374036161475926
1.8889324420654 	 0.4385917115437659
1.9175113266499078 	 0.4434739512618724
1.9465225997232267 	 0.44838663305527693
1.975972803171371 	 0.45332928860040167
2.0058685778567877 	 0.45830142869478846
2.0362166651158424 	 0.46330254299752
2.0670239082789528 	 0.4683320997798668
2.0982972542137235 	 0.47338954568688935
2.1300437548914264 	 0.4784743055107398
2.1622705689771795 	 0.4835857819764241
2.1949849634441985 	 0.48872335554081164
2.2281943152124444 	 0.4938863842056716
2.26190611281209 	 0.4990742033455663
2.2961279580721397 	 0.504286125551417
2.330867567834601 	 0.5095214404905849
2.3661327756945925 	 0.5147794147843213
2.401931533766773 	 0.5200592919034549
2.4382719144785114 	 0.5253602920831928
2.475162112390161 	 0.5306816122579191
2.512610446042898 	 0.5360224260168903
2.5506253598345068 	 0.5413818835817326
2.5892154259235434 	 0.5467591118066409
2.6283893461623142 	 0.5521532142022036
2.668155954059092 	 0.5575632709837585
2.7085242167700363 	 0.5629883391451996
2.7495032371212234 	 0.5684274525591483
2.7911022556612934 	 0.5738796221043987
2.833330652745143 	 0.579343835821541
2.876197950649145 	 0.5848190590976597
2.9197138157183704 	 0.5903042348809917
2.9638880605462927 	 0.5957982839264158
3.00873064618749 	 0.6013001050726354
3.0542516844037877 	 0.6068085755518824
3.1004614399444215 	 0.6123225513329678
3.147370332860678 	 0.6178408674984667
3.194988940855561 	 0.6233623386568007
3.2433280016690067 	 0.6288857593899515
3.2923984154991865 	 0.6344099047375052
3.3422112474604386 	 0.6399335307176817
3.3927777300784063 	 0.6454553748859777
3.4441092658228922 	 0.6509741569319818
3.4962174296790662 	 0.6564885793149019
3.549113971757559 	 0.6619973279382616
3.6028108199440503 	 0.6674990728641885
3.6573200825889405 	 0.6729924690676425
3.7126540512377177 	 0.6784761572308724
3.7688252034026473 	 0.683948764578322
3.825846205376364 	 0.6894089057521229
3.883729915088065 	 0.6948551837282523
3.9424893850029026 	 0.7002861907733302
4.002137865065243 	 0.7057005094419615
4.062688805686458 	 0.7110967136144306
4.124155860777916 	 0.7164733695744592
4.186552890829884 	 0.7218290371266518
4.249893966036969 	 0.7271622707531302
4.31419336947088 	 0.7324716208087753
4.379465600301192 	 0.7377556347543646
4.445725377064821 	 0.743012858426793
4.51298764098498 	 0.7482418373454401
4.581267559340337 	 0.7534411180536265
4.650580528885176 	 0.7586092494939849
4.720942179321252 	 0.763744784416433
4.792368376822224 	 0.7688462808173184
4.864875227611388 	 0.773912303408165
4.938479081593543 	 0.7789414251123201
5.013196536041806 	 0.7839322285876688
5.089044439340205 	 0.788883307773437
5.166039894782914 	 0.7937932694589808
5.244200264430932 	 0.7986607348723054
5.3235431730271445 	 0.8034843412859354
5.404086511970613 	 0.8082627436376078
5.485848443350982 	 0.8129946161631323
5.568847404043935 	 0.8176786540386229
5.653102109868612 	 0.822313575029174
5.738631559807916 	 0.8268981211409292
5.825455040292713 	 0.8314310602733584
5.913592129550774 	 0.8359111878684389
6.003062702021588 	 0.8403373285533237
6.093886932837938 	 0.8447083377729624
6.186085302375278 	 0.849023103409039
6.279678600869953 	 0.8532805473814896
6.374687933107279 	 0.8574796272287766
6.471134723180579 	 0.8616193376630094
6.569040719322168 	 0.8656987120959307
6.668427998807488 	 0.8697168241317272
6.769318972933402 	 0.8736727890225667
6.871736392071828 	 0.8775657650827279
6.975703350799822 	 0.8813949550571571
7.081243293107276 	 0.8851596074402761
7.188380017683435 	 0.8888590177408574
7.297137683283339 	 0.892492529688803
7.407540814175511 	 0.8960595363796886
7.519614305672049 	 0.8995594813529769
7.633383429742382 	 0.9029918595998697
7.748873840711961 	 0.9063562184968396
7.866111581047163 	 0.9096521586609818
7.985123087227766 	 0.912879334723439
8.105935195708177 	 0.9160374560172749
8.228575148968941 	 0.9191262871763362
8.353070601659775 	 0.9221456486417934
8.479449626835528 	 0.9250954170732498
8.607740722286517 	 0.9279755256615071
8.737972816964616 	 0.9307859643402993
8.870175277506577 	 0.9335267798945514
9.00437791485608 	 0.9361980759629781
9.14061099098589 	 0.9388000129331115
9.2789052257218 	 0.9413328077271497
9.419291803669784 	 0.9437967334773193
9.561802381247952 	 0.9461921190897821
9.706469093824905 	 0.9485193486964469
9.853324562966078 	 0.9507788609944114
10.002401903789766 	 0.9529711484731233
10.153734732434344 	 0.955096756529725
10.307357173638572 	 0.9571562824734442
10.46330386843652 	 0.9591503744202776
10.621609981968943 	 0.9610797300796295
10.782311211412827 	 0.9629450954349663
10.945443794030899 	 0.9647472633209643
11.111044515342982 	 0.9664870719000369
11.279150717420865 	 0.968165403041539
11.449800307308783 	 0.9697831806073518
11.623031765571232 	 0.9713413686479544
11.798884154970148 	 0.9728409695134783
11.97739712927333 	 0.974283021884627
12.158610942196155 	 0.9756685987287076
12.342566456478613 	 0.9769988051863823
12.529305153099562 	 0.9782747763950752
12.718869140630522 	 0.9794976752552964
12.911301164730913 	 0.9806686901464294
13.10664461778697 	 0.9817890325988037
13.3049435486965 	 0.9828599349291134
13.506242672801648 	 0.983882647846457
13.710587381972028 	 0.9848584380364531
13.918023754840265 	 0.9857885857310378
14.128598567192526 	 0.9866743822716618
14.342359302516197 	 0.9875171276736846
14.559354162707159 	 0.9883181281998011
14.779632078939049 	 0.9890786939503399
15.003242722696982 	 0.989800136478231
15.230236516978184 	 0.9904837664363676
15.460664647662176 	 0.9911308912649631
15.69457907505281 	 0.9917428129263469
15.932032545595106 	 0.9923208256944445
16.173078603769284 	 0.9928662140059469
16.417771604164738 	 0.9933802503798954
16.66616672373672 	 0.9938641934120946
16.918319974248426 	 0.9943192858504109
17.174288214901406 	 0.9947467527566303
17.434129165156918 	 0.9951477997601296
17.69790141775142 	 0.995523611408164
17.965664451908893 	 0.9958753496171002
18.237478646753093 	 0.9962041522284226
18.513405294922727 	 0.9965111316728174
18.79350661639257 	 0.9967973737450992
19.077845772503835 	 0.9970639364921932
19.36648688020659 	 0.9973118492158141
19.659495026517863 	 0.9975421115909207
19.956936283198395 	 0.9977556929004416
20.25887772165147 	 0.9979535313862012
20.565387428047146 	 0.9981365337154009
20.876534518675314 	 0.998305574561459
21.192389155531117 	 0.9984614962974615
21.513022562135994 	 0.9986051087999533
21.83850703959827 	 0.9987371893602893
22.168915982916655 	 0.9988584827002855
22.50432389753041 	 0.9989697010884573
22.844806416119944 	 0.9990715245527078
23.190440315661526 	 0.9991646011849448
23.5413035347402 	 0.9992495475327506
23.89747519112436 	 0.999326949072922
24.259035599606474 	 0.9993973607614219
24.626066290113624 	 0.9994613076540619
24.998650026092058 	 0.999519285592045
25.37687082316991 	 0.9995717619463635
25.760813968102262 	 0.9996191764149469
26.15056603800283 	 0.9996619418664061
26.546214919866735 	 0.9997004452242131
26.9478498303884 	 0.9997350483851899
27.355561336079536 	 0.9997660891662583
27.76944137369137 	 0.9997938822735187
28.1895832709459 	 0.9998187202878807
28.616081767580773 	 0.9998408746616563
29.049033036712586 	 0.999860596720751
29.48853470652351 	 0.9998781186673356
29.934685882275726 	 0.999893654578161
30.387587168659284 	 0.9999074013939788
30.847340692477825 	 0.9999195398958446
31.31405012567779 	 0.9999302356644233
31.787820708725565 	 0.9999396400187549
32.268759274339075 	 0.9999478909312964
32.756974271577505 	 0.9999551139164176
33.25257579029649 	 0.9999614228898812
33.75567558597225 	 0.999966920997207
34.26638710490233 	 0.9999717014091581
34.78482550978692 	 0.9999758480829453
35.31110770569721 	 0.9999794364880652
35.845352366437375 	 0.9999825342960184
36.38767996130426 	 0.999985202033444
36.938212782253174 	 0.9999874936985037
37.49707497147349 	 0.9999894573406023
38.064392549382504 	 0.9999911356037829
38.64029344304221 	 0.9999925662343543
39.22490751500588 	 0.9999937825535051
39.818366592601954 	 0.9999948138958396
40.42080449765971 	 0.9999956860149196
41.03235707668607 	 0.9999964214570299
41.653162231497554 	 0.9999970399044898
42.283359950317006 	 0.9999975584899231
42.923092339339924 	 0.9999979920829607
43.57250365477839 	 0.9999983535508997
44.23174033539067 	 0.999998653994868
44.90095103550166 	 0.9999989029630538
45.580286658524386 	 0.999999108642559
46.26990039098712 	 0.9999992780314096
46.96994773707681 	 0.999999417092233
47.68058655370416 	 0.9999995308890646
48.40197708609922 	 0.9999996237086992
49.134282003946474 	 0.9999996991679418
49.87766643806523 	 0.9999997603080499
50.63229801764652 	 0.9999998096775893
51.398346908051735 	 0.9999998494048544
52.1759858491849 	 0.9999998812609286
52.96539019444366 	 0.9999999067143844
53.76673795026134 	 0.9999999269785511
54.580209816246104 	 0.9999999430521992
55.4059892259274 	 0.9999999557544226
56.244262388120006 	 0.9999999657544252
57.095218328912246 	 0.9999999735968558
57.95904893429124 	 0.9999999797232682
58.83594899341124 	 0.9999999844902235
59.72611624251837 	 0.999999988184499
60.629751409538734 	 0.9999999910358085
61.54705825934109 	 0.9999999932273996
62.47824363968564 	 0.9999999949048421
63.42351752786601 	 0.999999996183284
64.38309307805912 	 0.9999999971534175
65.35718666938918 	 0.9999999978863616
66.34601795472099 	 0.9999999984376388
67.34980991019006 	 0.9999999988504008
68.36878888548212 	 0.9999999991580318
69.40318465487474 	 0.99999999938624
70.45323046904903 	 0.9999999995547292
71.51916310768763 	 0.9999999996785295
72.60122293286601 	 0.9999999997690502
73.69965394325389 	 0.99999999983491
74.81470382913523 	 0.9999999998825864
75.94662402826049 	 0.9999999999169238
77.09566978254568 	 0.9999999999415261
78.26210019562674 	 0.9999999999590607
79.44617829128725 	 0.9999999999714915
80.64817107276767 	 0.9999999999802561
81.86834958297418 	 0.999999999986402
83.10698896559701 	 0.9999999999906874
84.36436852715327 	 0.9999999999936587
85.64077179997032 	 0.999999999995707
86.93648660611933 	 0.9999999999971109
88.2518051223191 	 0.9999999999980672
89.58702394581884 	 0.9999999999987148
90.94244416128056 	 0.9999999999991507
92.3183714086715 	 0.9999999999994422
93.71511595218367 	 0.9999999999996361
95.13299275019817 	 0.9999999999997641
96.57232152630503 	 0.999999999999848
98.03342684140073 	 0.9999999999999027
99.51663816687332 	 0.9999999999999382
101.02228995889787 	 0.999999999999961
102.550721733854 	 0.9999999999999756
104.10227814488425 	 0.9999999999999848
105.67730905961305 	 0.9999999999999906
107.2761696390383 	 0.9999999999999942
108.89922041761994 	 0.9999999999999964
110.54682738457683 	 0.9999999999999979
112.21936206641683 	 0.9999999999999988
113.91720161071346 	 0.9999999999999992
115.64072887114989 	 0.9999999999999996
117.390332493852 	 0.9999999999999998
119.16640700502418 	 0.9999999999999999
120.96935289991468 	 0.9999999999999999
122.79957673312329 	        1.0
124.65749121027883 	        1.0
126.54351528110146 	        1.0
128.45807423387265 	        1.0
130.4015997913373 	        1.0
132.37453020805282 	        1.0
134.37731036921525 	        1.0
136.41039189097629 	        1.0
138.47423322228232 	        1.0
140.56929974825132 	        1.0
142.6960638951138 	        1.0
144.85500523674443 	        1.0
147.04661060280102 	        1.0
149.27137418850438 	        1.0
151.52979766607424 	        1.0
153.8223902978561 	        1.0
156.1496690511547 	        1.0
158.5121587148095 	        1.0
160.91039201753088 	        1.0
163.34490974802648 	        1.0
165.81626087694866 	        1.0
168.32500268068148 	        1.0
170.87170086700652 	        1.0
173.45692970266404 	        1.0
176.08127214284937 	        1.0
178.74531996266543 	        1.0
181.44967389056347 	        1.0
184.19494374380676 	        1.0
186.98174856597814 	        1.0
189.810716766574 	        1.0
192.68248626270426 	        1.0
195.59770462294185 	        1.0
198.5570292133448 	        1.0
201.56112734568768 	        1.0
204.61067642793944 	        1.0
207.70636411701207 	        1.0
210.84888847382692 	        1.0
214.0389581207202 	        1.0
217.2772924012366 	        1.0
220.56462154233606 	        1.0
223.90168681905462 	        1.0
227.28924072166117 	        1.0
230.7280471253364 	        1.0
234.21888146242594 	        1.0
237.7625308972928 	        1.0
241.35979450382177 	        1.0
245.01148344560494 	        1.0
248.7184211588533 	        1.0
252.48144353808047 	        1.0
256.3013991245886 	        1.0
260.1791492978139 	        1.0
264.11556846955887 	        1.0
268.11154428117095 	        1.0
272.1679778036997 	        1.0
276.2857837410817 	        1.0
280.4658906364048 	        1.0
284.7092410812859 	        1.0
289.01679192842397 	        1.0
293.3895145073613 	        1.0
297.82839484351666 	        1.0
302.3344338805274 	        1.0
306.9086477059546 	        1.0
311.55206778040997 	        1.0
316.2657411701395 	        1.0
321.05073078313643 	        1.0
325.9081156088161 	        1.0
330.8389909613268 	        1.0
335.84446872653535 	        1.0
340.9256776127492 	        1.0
346.083763405239 	        1.0
351.3198892246013 	        1.0
356.6352357890419 	        1.0
362.0310016806153 	        1.0
367.50840361550416 	        1.0
373.06867671837955 	        1.0
378.71307480091286 	        1.0
384.44287064450896 	        1.0
390.25935628730525 	        1.0
396.1638433155257 	        1.0
402.15766315923014 	        1.0
408.24216739255087 	        1.0
414.418728038459 	        1.0
420.6887378781538 	        1.0
427.0536107651253 	        1.0
433.5147819439675 	        1.0
440.0737083740249 	        1.0
446.73186905792153 	        1.0
453.4907653750756 	        1.0
460.351921420245 	        1.0
467.31688434720877 	        1.0
474.38722471763964 	        1.0
481.56453685525395 	        1.0
488.85043920533 	        1.0
496.2465746996509 	        1.0
503.75461112698474 	        1.0
511.37624150915394 	        1.0
519.1131844828099 	        1.0
526.9671846869727 	        1.0
534.9400131564355 	        1.0
543.0334677211301 	        1.0
551.2493734115195 	        1.0
559.5895828701412 	        1.0
568.0559767693592 	        1.0
576.6504642354537 	        1.0
585.3749832791149 	        1.0
594.2315012324508 	        1.0
603.2220151926182 	        1.0
612.3485524721478 	        1.0
621.6131710561021 	        1.0
631.0179600661296 	        1.0
640.5650402315598 	        1.0
650.2565643676124 	        1.0
660.0947178608415 	        1.0
670.0817191619374 	        1.0
680.2198202859655 	        1.0
690.5113073201934 	        1.0
700.9585009395811 	        1.0
711.56375693009 	        1.0
722.3294667198958 	        1.0
733.2580579186384 	        1.0
744.3519948648456 	        1.0
755.6137791816151 	        1.0
767.04595034073 	        1.0
778.6510862352837 	        1.0
790.4318037609918 	        1.0
802.3907594062828 	        1.0
814.5306498513177 	        1.0
826.854212576088 	        1.0
839.3642264776896 	        1.0
852.0635124969626 	        1.0
864.9549342545843 	        1.0
878.0413986968127 	        1.0
891.3258567509822 	        1.0
904.811303990916 	        1.0
918.5007813124246 	        1.0
932.3973756189972 	        1.0
946.5042205178962 	        1.0
960.8244970267541 	        1.0
975.3614342908887 	        1.0
990.1183103114532 	        1.0
1005.0984526846008 	        1.0
1020.3052393518543 	        1.0
1035.7420993617973 	        1.0
1051.4125136433229 	        1.0
1067.3200157905476 	        1.0
1083.4681928596324 	        1.0
1099.860686177639 	        1.0
1116.5011921636217 	        1.0
1133.3934631621664 	        1.0
1150.541308289506 	        1.0
1167.948594292474 	        1.0
1185.6192464204153 	        1.0
1203.5572493103298 	        1.0
1221.766647885366 	        1.0
1240.2515482669464 	        1.0
1259.0161187006695 	        1.0
1278.0645904962178 	        1.0
1297.4012589815143 	        1.0
1317.0304844712746 	        1.0
1336.9566932502555 	        1.0
1357.1843785713374 	        1.0
1377.718101668747 	        1.0
1398.5624927865836 	        1.0
1419.7222522229047 	        1.0
1441.2021513896393 	        1.0
1463.0070338884916 	        1.0
1485.1418166031704 	        1.0
1507.6114908080967 	        1.0
1530.4211232939301 	        1.0
1553.5758575100936 	        1.0
1577.0809147245848 	        1.0
1600.941595201365 	        1.0
1625.1632793955162 	        1.0
1649.7514291665284 	        1.0
1674.7115890098953 	        1.0
1700.0493873073906 	        1.0
1725.7705375962278 	        1.0
1751.880839857422 	        1.0
1778.3861818236785 	        1.0
1805.2925403070165 	        1.0
1832.6059825465375 	        1.0
1860.3326675765252 	        1.0
1888.4788476152999 	        1.0
1917.050869475051 	        1.0
1946.0551759929956 	        1.0
1975.4983074842307 	        1.0
2005.3869032165094 	        1.0
2035.7277029073898 	        1.0
2066.5275482439747 	        1.0
2097.793384425702 	        1.0
2129.532261730438 	        1.0
2161.7513371042673 	        1.0
2194.45787577537 	        1.0
2227.6592528922615 	        1.0
2261.3629551868826 	        1.0
2295.57658266278 	        1.0
2330.307850308901 	        1.0
2365.5645898392654 	        1.0
2401.3547514589627 	        1.0
2437.686405656913 	        1.0
2474.56774502568 	        1.0
2512.0070861088966 	        1.0
2550.0128712765595 	        1.0
2588.593670628776 	        1.0
2627.7581839282575 	        1.0
2667.515242562055 	        1.0
2707.873811533026 	        1.0
2748.8429914813523 	        1.0
2790.432020736727 	        1.0
2832.6502774015057 	        1.0
2875.5072814654573 	        1.0
2919.0126969524517 	        1.0
2963.176334099631 	        1.0
3008.008151569603 	        1.0
3053.5182586960195 	        1.0
3099.7169177632272 	        1.0
3146.614546320304 	        1.0
3194.221719530215 	        1.0
3242.5491725544007 	        1.0
3291.6078029735445 	        1.0
3341.4086732448995 	        1.0
3391.963013196792 	        1.0
3443.2822225609357 	        1.0
3495.3778735429537 	        1.0
3548.2617134319053 	        1.0
3601.94566724918 	        1.0
3656.441840437576 	        1.0
3711.7625215909893 	        1.0
3767.9201852254046 	        1.0
3824.9274945918837 	        1.0
3882.7973045320005 	        1.0
3941.5426643765977 	        1.0
4001.176820888281 	        1.0
4061.713221248547 	        1.0
4123.165516090027 	        1.0
4185.547562574605 	        1.0
4248.873427518193 	        1.0
4313.157390562655 	        1.0
4378.413947395855 	        1.0
4444.65781302029 	        1.0
4511.903925071306 	        1.0
4580.167447185426 	        1.0
4649.46377241964 	        1.0
4719.808526722526 	        1.0
4791.2175724577355 	        1.0
4863.707011980954 	        1.0
4937.293191270813 	        1.0
5011.992703614892 	        1.0
5087.822393351385 	        1.0
5164.799359667378 	        1.0
5242.940960454693 	        1.0
5322.264816223922 	        1.0
5402.788814077835 	        1.0
5484.531111744743 	        1.0
5567.510141673045 	        1.0
5651.74461518761 	        1.0
5737.253526709051 	        1.0
5824.0561580369385 	        1.0
5912.172082697655 	        1.0
6001.621170358212 	        1.0
6092.423591306656 	        1.0
6184.599821000447 	        1.0
6278.170644683527 	        1.0
6373.157162073243 	        1.0
6469.580792118307 	        1.0
6567.463277828552 	        1.0
6666.826691177969 	        1.0
6767.693438081712 	        1.0
6870.086263448601 	        1.0
6974.028256309945 	        1.0
7079.542855025946 	        1.0
7186.653852571019 	        1.0
7295.385401898876 	        1.0
7405.76202138899 	        1.0
7517.808600375251 	        1.0
7631.550404758476 	        1.0
7747.013082703689 	        1.0
7864.222670423598 	        1.0
7983.205598049731 	        1.0
8103.98869559216 	        1.0
8226.599198989656 	        1.0
8351.064756251113 	        1.0
8477.41343369014 	        1.0
8605.67372225382 	        1.0
8735.874543947204 	        1.0
8868.0452583552 	        1.0
9002.21566926285 	        1.0
9138.416031376077 	        1.0
9276.677057143803 	        1.0
9417.02992368359 	        1.0
9559.506279811776 	        1.0
9704.138253180223 	        1.0
9850.958457520894 	        1.0
   10000.0 	        1.0
