#scaled time 	 tcdf 
0.0030549852862733545 	 0.0011851560505545824
0.003101206140952684 	 0.0012030762549807114
0.0031481263009337074 	 0.0012212672569593085
0.003195756346460091 	 0.0012397331435424384
0.0032441070178508696 	 0.0012584780633126285
0.0032931892179223436 	 0.0012775062273045104
0.003343014014446586 	 0.00129682190994012
0.003393592642647177 	 0.001316429449978064
0.003444936507732687 	 0.0013363332514767419
0.0034970571874684856 	 0.0013565377847718349
0.0035499664347874668 	 0.0013770475874682673
0.0036036761804402696 	 0.0013978672654468317
0.0036581985356856123 	 0.0014190014938857368
0.0037135457950212935 	 0.001440455018297229
0.0037697304389565493 	 0.0014622326555795576
0.0038267651368263395 	 0.0014843392950844843
0.003884662749648213 	 0.001506779899700555
0.003943436333022398 	 0.0015295595069523753
0.004003099140075769 	 0.001552683230116115
0.004063664624450355 	 0.0015761562593514546
0.004125146443337075 	 0.0015999838628502606
0.004187558460555339 	 0.00162417138800216
0.004250914749679281 	 0.0016487242625773156
0.004315229597211271 	 0.00167364799592663
0.004380517505803443 	 0.0016989481801996055
0.004446793197527964 	 0.0017246304915801446
0.0045140716171967795 	 0.0017507006915405245
0.004582367935731608 	 0.0017771646281138336
0.0046516975535848696 	 0.0018040282371850726
0.00472207610421243 	 0.0018312975438012798
0.004793519457598848 	 0.0018589786635008513
0.004866043723835982 	 0.0018870778036624136
0.004939665256755719 	 0.0019156012648734498
0.005014400657617677 	 0.0019445554423190435
0.005090266778852718 	 0.001973946827190945
0.00516728072786305 	 0.002003782008117297
0.005245459870879874 	 0.0020340676726132954
0.005324821836879373 	 0.002064810608553089
0.005405384521557946 	 0.002096017705663206
0.005487166091367599 	 0.0021276959570378172
0.005570184987612369 	 0.002159852460676146
0.005654459930606768 	 0.0021924944210423456
0.005740009923897073 	 0.002225629150648101
0.005826854258546552 	 0.002259264071658394
0.005915012517485483 	 0.002293406717520604
0.006004504579927007 	 0.0023280647346174224
0.006095350625849777 	 0.0023632458839437675
0.006187571140548431 	 0.0023989580428081725
0.006281186919252941 	 0.0024352092065588896
0.006376219071817789 	 0.0024720074903350747
0.006472689027482149 	 0.0025093611308434458
0.006570618539702055 	 0.002547278488160708
0.0066700296910557 	 0.0025857680475621647
0.006770944898222924 	 0.002624838421376792
0.00687338691704006 	 0.0026644983508692386
0.006977378847631272 	 0.0027047567081490633
0.007082944139617473 	 0.002745622498107578
0.0071901065974041105 	 0.002787104860382721
0.00729889038554893 	 0.0028292130713523226
0.007409320034210952 	 0.002871956546156118
0.007521420444681887 	 0.0029153448407469792
0.007635216895001238 	 0.002959387653971668
0.007750735045656395 	 0.0030040948296816182
0.007868000945368887 	 0.003049476358874045
0.007987041036968262 	 0.003095542381863891
0.008107882163354794 	 0.003142303190486959
0.00823055157355241 	 0.003189769230334702
0.008355076928853206 	 0.0032379511030210554
0.00848148630905491 	 0.003286859568481777
0.008609808218792725 	 0.0033365055473067017
0.008740071593967001 	 0.0033869001231054074
0.00887230580826807 	 0.0034380545449066405
0.009006540679799899 	 0.0034899802295920777
0.009142806477803894 	 0.0035426887643647833
0.009281133929484455 	 0.003596191909252856
0.009421554226937799 	 0.003650501599648748
0.009564099034185604 	 0.0037056299488847366
0.009708800494315066 	 0.0037615892508449373
0.009855691236727037 	 0.003818391982614499
0.010004804384493714 	 0.003876050807166305
0.010156173561827755 	 0.003934578576085789
0.010309832901664356 	 0.003993988332334318
0.010465817053358027 	 0.004054293313051616
0.010624161190495848 	 0.004115506952397841
0.01078490101882893 	 0.004177642884435686
0.010948072784323854 	 0.00424071494605314
0.011113713281335948 	 0.004304737179927386
0.011281859860906218 	 0.004369723837530342
0.011452550439183801 	 0.0044356893821764585
0.011625823505975862 	 0.004502648492113214
0.011801718133426824 	 0.004570616063654916
0.011980273984828958 	 0.004639607214360381
0.012161531323566191 	 0.004709637286254923
0.012345531022193337 	 0.00478072184909741
0.012532314571652598 	 0.004852876703692761
0.012721924090629564 	 0.0049261178852505845
0.01291440233505075 	 0.0050004616667904365
0.013109792707724822 	 0.005075924562594417
0.013308139268129716 	 0.00515252333170753
0.013509486742347776 	 0.005230274981486496
0.013713880533151297 	 0.005309196771197601
0.013921366730240546 	 0.0053893062156641774
0.014131992120636788 	 0.005470621088964311
0.014345804199232487 	 0.005553159428179367
0.014562851179501147 	 0.0056369395371940675
0.014783182004369216 	 0.005721979990548527
0.015006846357252409 	 0.005808299637343105
0.0152338946732591 	 0.00589591760519654
0.015464378150563129 	 0.005984853304258074
0.015698348761948724 	 0.006075126431274162
0.0159358592665301 	 0.006166756973710495
0.01617696322164833 	 0.006259765213929885
0.016421714994948284 	 0.006354171733426687
0.016670169776638166 	 0.006449997417118494
0.016922383591934688 	 0.006547263457695649
0.017178413313696395 	 0.006645991360029307
0.017438316675248224 	 0.00674620294563872
0.017702152283400042 	 0.006847920357218351
0.017969979631662164 	 0.0069511660632255974
0.018241859113660826 	 0.007055962862529697
0.01851785203675664 	 0.007162333889122555
0.01879802063586906 	 0.007270302616892158
0.01908242808750999 	 0.007379892864459291
0.01937113852402979 	 0.007491128800078175
0.01966421704807877 	 0.007604034946601833
0.01996172974728747 	 0.007718636186512744
0.020263743709169064 	 0.007834957767019618
0.02057032703624728 	 0.007953025305220875
0.020881548861413073 	 0.008072864793335586
0.021197479363513804 	 0.008194502604002554
0.021518189783178127 	 0.008317965495648356
0.021843752438880395 	 0.008443280617924724
0.02217424074324809 	 0.008570475517216484
0.02250972921961596 	 0.008699578142220207
0.022850293518830667 	 0.008830616849594686
0.02319601043630958 	 0.00896362040968375
0.023546957929357813 	 0.009098618012312182
0.0239032151347471 	 0.009235639272655362
0.02426486238656075 	 0.009374714237183527
0.02463198123430855 	 0.009515873389681096
0.025004654461315716 	 0.009659147657341955
0.025382966103390154 	 0.009804568416941361
0.02576700146777198 	 0.009952167501085
0.026156847152369947 	 0.010101977204536228
0.02655259106528873 	 0.010254030290621741
0.026954322444651766 	 0.010408359997716783
0.027362131878723966 	 0.010565000045810256
0.027776111326338872 	 0.010723984643150587
0.028196354137634924 	 0.010885348492972971
0.028622955075105323 	 0.011049126800308562
0.02905601033496658 	 0.01121535527887644
0.029495617568850132 	 0.011384070158058882
0.029941875905822337 	 0.011555308189960615
0.03039488597473751 	 0.011729106656552586
0.030854749926929187 	 0.011905503376901137
0.03132157145924475 	 0.012084536714482896
0.03179545583742845 	 0.012266245584586088
0.032276509919858254 	 0.01245066946179903
0.032764842181641926 	 0.012637848387586088
0.03326056273907747 	 0.012827822977951917
0.03376378337448385 	 0.013020634431194528
0.034274617561407233 	 0.01321632453574732
0.03479318049020873 	 0.013414935678111332
0.03531958909403914 	 0.013616510850877539
0.0358539620752068 	 0.013821093660840002
0.03639641993194424 	 0.01402872833720043
0.036947084985580025 	 0.014239459739864365
0.0375060814081214 	 0.014453333367829514
0.03807353525025447 	 0.014670395367666853
0.03864957446976804 	 0.01489069254209453
0.03923432896040725 	 0.015114272358645266
0.03982793058116404 	 0.01534118295842731
0.04043051318601055 	 0.015571473164979732
0.04104221265408258 	 0.01580519249322157
0.04166316692031951 	 0.01604239115849599
0.042293516006567895 	 0.01628312008570909
0.04293340205315573 	 0.016527430918563766
0.04358296935094421 	 0.016775376028888796
0.0442423643738646 	 0.017027008526063224
0.044911735811947295 	 0.017282382266536365
0.04559123460485071 	 0.01754155186344317
0.04628101397589724 	 0.01780457269631525
0.046981229466624336 	 0.018071500920887537
0.0476920389718583 	 0.018342393479000203
0.048413602775318774 	 0.01861730810859638
0.049146083585761724 	 0.018896303353814835
0.04988964657366946 	 0.01917943857517795
0.05064445940849578 	 0.019466773959874565
0.05141069229647435 	 0.019758370532137325
0.05218851801899944 	 0.020054290163714402
0.052978111971587076 	 0.02035459558443508
0.053779652203425975 	 0.02065935039286876
0.05459331945752646 	 0.020968619067076876
0.05541929721147715 	 0.021282466975457232
0.05625777171881821 	 0.021600960387680147
0.05710893205104042 	 0.021924166485715445
0.057972970140219834 	 0.022252153374950012
0.05885008082229739 	 0.022584990095394566
0.05974046188101349 	 0.0229227466329792
0.06064431409250702 	 0.02326549393093634
0.061561841270589335 	 0.02361330390127028
0.06249325031270318 	 0.0239662494363121
0.06343875124657705 	 0.02432440442035872
0.06439855727758516 	 0.024687843741394766
0.06537288483682412 	 0.025056643302895882
0.06636195362991716 	 0.025430880035711954
0.06736598668655636 	 0.025810631910028692
0.06838521041079472 	 0.02619597794740577
0.0694198546320991 	 0.026586998232889868
0.07047015265717552 	 0.02698377392720061
0.07153634132257848 	 0.027386387278987394
0.07261866104811639 	 0.02779492163715492
0.07371735589106501 	 0.02820946146325538
0.07483267360120092 	 0.028630092343944587
0.07596486567666787 	 0.029056901003499856
0.07711418742068814 	 0.02948997531639685
0.07828089799913224 	 0.029929404319942614
0.0794652604989592 	 0.030375278226961837
0.0806675419875414 	 0.03082768843853354
0.08188801357288675 	 0.03128672755677468
0.08312695046477221 	 0.031752489397667436
0.08438463203680198 	 0.032225069003926805
0.08566134188940472 	 0.03270456265790434
0.08695736791378415 	 0.03319106789452511
0.08827300235683672 	 0.03368468351425262
0.08960854188705178 	 0.034185509596078634
0.09096428766140877 	 0.034693647510532825
0.0923405453932866 	 0.035209199932708025
0.0937376254214001 	 0.03573227085529595
0.09515584277977993 	 0.036262965601628734
0.09659551726881109 	 0.03680139083872127
0.09805697352734603 	 0.03734765459030816
0.0995405411059091 	 0.03790186624987077
0.10104655454100825 	 0.03846413659364753
0.10257535343057153 	 0.039034577793622224
0.10412728251052425 	 0.039613303430483256
0.10570269173252526 	 0.04020042850654801
0.10730193634287906 	 0.04079606945864476
0.1089253769626422 	 0.04140034417094606
0.11057337966894099 	 0.042013371987744935
0.11224631607752013 	 0.0426352737261676
0.11394456342654023 	 0.04326617168881401
0.11566850466164263 	 0.043906189676318125
0.11741852852230183 	 0.044555452999819764
0.119195029629484 	 0.04521408849333887
0.12099840857463215 	 0.04588222452604349
0.12282907200999699 	 0.04655999101440144
0.12468743274033497 	 0.047247519434206624
0.12657390981599378 	 0.04794494283246937
0.12848892862740555 	 0.04865239583916049
0.13043292100101028 	 0.04937001467879855
0.13240632529663035 	 0.05009793718186849
0.13440958650631854 	 0.05083630279606102
0.13644315635470092 	 0.05158525259731991
0.13850749340083862 	 0.05234492930068545
0.14060306314163026 	 0.053115477270921224
0.14273033811677932 	 0.05389704253291104
0.14488979801534885 	 0.05468977278181216
0.14708192978392895 	 0.05549381739295155
0.14930722773644092 	 0.05630932743144991
0.1515661936656019 	 0.0571364556615591
0.15385933695607668 	 0.05797535655569743
0.1561871746993411 	 0.05882618630316697
0.1585502318102837 	 0.059689102818536836
0.16094904114557074 	 0.060564265749674745
0.16338414362380285 	 0.06145183648541122
0.165856088347489 	 0.062351978162816235
0.1683654327268666 	 0.06326485567407267
0.170912742605594 	 0.0641906356729249
0.17349859238834534 	 0.06512948658068539
0.17612356517033614 	 0.06608157859177775
0.17878825286880748 	 0.06704708367879632
0.18149325635650052 	 0.06802617559706098
0.18423918559714997 	 0.0690190298886451
0.1870266597830279 	 0.07002582388585521
0.18985630747456778 	 0.07104673671413762
0.19272876674210174 	 0.07208194929439037
0.19564468530974227 	 0.07313164434465481
0.19860472070143995 	 0.0741960063811619
0.2016095403892519 	 0.07527522171870907
0.20465982194385313 	 0.07636947847033936
0.20775625318732518 	 0.077478966546297
0.210899532348256 	 0.07860387765223217
0.21409036821918698 	 0.07974440528662502
0.2173294803164416 	 0.08090074473740133
0.22061759904237302 	 0.08207309307770963
0.2239554658500653 	 0.08326164916082827
0.2273438334105272 	 0.08446661361417243
0.23078346578241596 	 0.08568818883236802
0.23427513858432764 	 0.08692657896936008
0.23781963916969545 	 0.08818198992952174
0.24141776680433347 	 0.08945462935772959
0.24507033284666724 	 0.09074470662837013
0.24877816093069002 	 0.0920524328332406
0.2525420871516882 	 0.09337802076830845
0.2563629602547766 	 0.09472168491929127
0.26024164182628534 	 0.09608364144601794
0.26417900648804316 	 0.09746410816553266
0.26817594209459994 	 0.09886330453390124
0.27223334993343357 	 0.10028145162667865
0.27635214492818444 	 0.10171877211799543
0.28053325584496663 	 0.10317549025822112
0.28477762550179936 	 0.10465183185016019
0.28908621098120757 	 0.10614802422373666
0.29345998384603855 	 0.10766429620912132
0.2978999303585443 	 0.1092008781082562
0.3024070517027787 	 0.1107580016647284
0.3069823642103583 	 0.11233590003194574
0.31162689958964074 	 0.11393480773956526
0.31634170515836846 	 0.11555496065812533
0.3211278440798336 	 0.11719659596182982
0.3259863956026157 	 0.11885995208943445
0.33091845530394637 	 0.12054526870318147
0.33592513533675594 	 0.12225278664573096
0.34100756468045784 	 0.12398274789503444
0.3461668893955286 	 0.12573539551709642
0.35140427288193615 	 0.12751097361656624
0.35672089614148206 	 0.12930972728510912
0.3621179580441103 	 0.13113190254749343
0.36759667559824605 	 0.13297774630534015
0.37315828422522485 	 0.1348475062784764
0.3788040380378727 	 0.13674143094383068
0.3845352101233035 	 0.13865976947181416
0.39035309282999103 	 0.140602771660124
0.3962589980591881 	 0.14257068786491037
0.4022542575607527 	 0.14456376892924458
0.4083402232334507 	 0.14658226610882544
0.4145182674298016 	 0.14862643099486278
0.4207897832655364 	 0.15069651543407472
0.42715618493373786 	 0.15279277144573358
0.4336189080237346 	 0.15491545113570024
0.4401794098448164 	 0.1570648066073786
0.4468391697548515 	 0.15924108986952912
0.45359968949387297 	 0.16144455274087613
0.4604624935227135 	 0.163675446751443
0.4674291293667628 	 0.16593402304055277
0.47450116796492575 	 0.16822053225142708
0.4816802040238629 	 0.17053522442232233
0.48896785637758516 	 0.17287834887413403
0.49636576835249385 	 0.17525015409441028
0.5038756081379421 	 0.17765088761770761
0.5114990691624016 	 0.18008079590222628
0.519237870475323 	 0.1825401242026632
0.5270937571347704 	 0.18502911643922051
0.5350685006009254 	 0.18754801506270777
0.5431638991355385 	 0.19009706091567694
0.5513817782074298 	 0.1926764930895336
0.5597239909041215 	 0.19528654877756227
0.5681924183496994 	 0.1979274631238126
0.576788970128996 	 0.2005994690677872
0.5855155847181914 	 0.20330279718488112
0.5943742299219317 	 0.20603767552251806
0.6033669033170538 	 0.20880432943193233
0.612495632703032 	 0.21160298139555092
0.6217624765592343 	 0.21443385084992772
0.6311695245090989 	 0.21729715400418603
0.6407188977913328 	 0.22019310365392897
0.6504127497382393 	 0.2231219089905786
0.6602532662612849 	 0.2260837754061093
0.6702426663440075 	 0.22907890429314096
0.6803832025423874 	 0.23210749284036739
0.6906771614927856 	 0.23516973382328896
0.7011268644275687 	 0.23826581539023226
0.7117346676985338 	 0.2413959208436398
0.7225029633082531 	 0.2445602284166123
0.7334341794494577 	 0.24775891104470008
0.7445307810525834 	 0.2509921361329386
0.7557952703415967 	 0.2542600653181267
0.767230187398234 	 0.2575628542263605
0.7788381107347772 	 0.26090065222582975
0.7906216578754931 	 0.26427360217489954
0.8025834859468719 	 0.267681840165501
0.8147262922767935 	 0.2711254952618613
0.8270528150027642 	 0.27460468923461573
0.8395658336893468 	 0.27811953629034136
0.8522681699549405 	 0.28167014279657215
0.8651626881080406 	 0.28525660700235445
0.8782522957931238 	 0.2888790187544101
0.8915399446463069 	 0.29253745920899077
0.9050286309609239 	 0.2962320005395066
0.9187213963631774 	 0.2999627056400283
0.9326213284980039 	 0.30372962782476765
0.9467315617253244 	 0.30753281052365544
0.9610552778268249 	 0.3113722869741427
0.9755957067234313 	 0.31524807990936243
0.9903561272036386 	 0.31916020124280325
1.00533986766286 	 0.32310865174965614
1.020550306853965 	 0.3270934207450065
1.035990874649165 	 0.3311144857590572
1.0516650528134346 	 0.3351718122095821
1.0675763757896295 	 0.33926535307182437
1.0837284314954856 	 0.34339504854605984
1.1001248621326734 	 0.34756082572307145
1.1167693650080963 	 0.35176259824778516
1.133665693367612 	 0.3560002659813379
1.1508176572423723 	 0.36027371466186364
1.168229124307961 	 0.36458281556429495
1.185904020756535 	 0.3689274251594992
1.2038463321821604 	 0.3733073847730814
1.2220601044795425 	 0.3777225202442019
1.2405494447563523 	 0.3821726415847782
1.2593185222593566 	 0.38665754263945173
1.2783715693145656 	 0.39117700074672673
1.2977128822815924 	 0.3957307764016921
1.3173468225224636 	 0.4003186129207759
1.3372778173850812 	 0.40494023610898083
1.3575103612015678 	 0.4095953539300781
1.3780490163017112 	 0.4142836561802568
1.3988984140417469 	 0.4190048141657402
1.4200632558487076 	 0.4237584803849037
1.441548314280562 	 0.4285442882154431
1.4633584341024066 	 0.43336185160717167
1.4854985333789328 	 0.4382107647810315
1.5079736045834233 	 0.4430906019349333
1.5307887157235294 	 0.4480009169570543
1.5539490114840762 	 0.45294124314724404
1.5774597143871691 	 0.4579110929472087
1.6013261259698344 	 0.4629099576801575
1.625553627979493 	 0.46793730730062444
1.6501476835875153 	 0.47299259015518574
1.6751138386211362 	 0.478075232754819
1.7004577228140085 	 0.48318463955966207
1.726185051075678 	 0.4883201927769538
1.7523016247802692 	 0.49348125217294836
1.7788133330746556 	 0.4986671548996118
1.8057261542064365 	 0.503877215336932
1.8330461568719982 	 0.5091107249516758
1.8607795015849729 	 0.5143669521734483
1.8889324420654 	 0.5196451422889214
1.9175113266499078 	 0.5249445173551046
1.9465225997232267 	 0.5302642761325472
1.975972803171371 	 0.5356035940393661
2.0058685778567877 	 0.5409616231270007
2.0362166651158424 	 0.546337492078604
2.0670239082789528 	 0.551730306230984
2.0982972542137235 	 0.5571391476210042
2.1300437548914264 	 0.5625630750573677
2.1622705689771795 	 0.5680011242186901
2.1949849634441985 	 0.573452307778776
2.2281943152124444 	 0.5789156155600049
2.26190611281209 	 0.5843900147157199
2.2961279580721397 	 0.5898744499425086
2.330867567834601 	 0.5953678437232498
2.3661327756945925 	 0.6008690966017807
2.401931533766773 	 0.6063770874900268
2.4382719144785114 	 0.6118906740084147
2.475162112390161 	 0.6174086928603523
2.512610446042898 	 0.6229299602415559
2.5506253598345068 	 0.6284532722849474
2.5892154259235434 	 0.6339774055418282
2.6283893461623142 	 0.6395011174999927
2.668155954059092 	 0.6450231471394016
2.7085242167700363 	 0.6505422155259943
2.7495032371212234 	 0.656057026444162
2.7911022556612934 	 0.6615662670683655
2.833330652745143 	 0.6670686086743076
2.876197950649145 	 0.672562707390026
2.9197138157183704 	 0.6780472049871888
2.9638880605462927 	 0.6835207297128283
3.00873064618749 	 0.6889818971616548
3.0542516844037877 	 0.6944293111890265
3.1004614399444215 	 0.6998615648645699
3.147370332860678 	 0.7052772414663528
3.194988940855561 	 0.7106749155154272
3.2433280016690067 	 0.716053153850466
3.2923984154991865 	 0.7214105167421136
3.3422112474604386 	 0.7267455590465757
3.3927777300784063 	 0.7320568313978596
3.4441092658228922 	 0.7373428814379751
3.4962174296790662 	 0.7426022550842827
3.549113971757559 	 0.7478334978330666
3.6028108199440503 	 0.7530351560982872
3.6573200825889405 	 0.7582057785843396
3.7126540512377177 	 0.7633439176915261
3.7688252034026473 	 0.7684481309528153
3.825846205376364 	 0.773516982500329
3.883729915088065 	 0.7785490445598712
3.9424893850029026 	 0.7835428989716691
4.002137865065243 	 0.7884971387353669
4.062688805686458 	 0.7934103695771703
4.124155860777916 	 0.7982812115369072
4.186552890829884 	 0.8031083005726287
4.249893966036969 	 0.8078902901802345
4.31419336947088 	 0.8126258530254804
4.379465600301192 	 0.8173136825855796
4.445725377064821 	 0.8219524947974839
4.51298764098498 	 0.8265410297097995
4.581267559340337 	 0.8310780531351641
4.650580528885176 	 0.8355623582997951
4.720942179321252 	 0.839992767486791
4.792368376822224 	 0.8443681336696707
4.864875227611388 	 0.8486873421325156
4.938479081593543 	 0.8529493120729879
5.013196536041806 	 0.8571529981844079
5.089044439340205 	 0.861297392212987
5.166039894782914 	 0.8653815244862412
5.244200264430932 	 0.8694044654085441
5.3235431730271445 	 0.8733653269197332
5.404086511970613 	 0.8772632639126302
5.485848443350982 	 0.8810974756053173
5.568847404043935 	 0.88486720686399
5.653102109868612 	 0.8885717494722064
5.738631559807916 	 0.8922104433423637
5.825455040292713 	 0.8957826776652641
5.913592129550774 	 0.8992878919936669
6.003062702021588 	 0.9027255772557932
6.093886932837938 	 0.9060952766948178
6.186085302375278 	 0.9093965867304785
6.279678600869953 	 0.9126291577390468
6.374687933107279 	 0.9157926947480279
6.471134723180579 	 0.9188869580421131
6.569040719322168 	 0.921911763677062
6.668427998807488 	 0.924866983898393
6.769318972933402 	 0.9277525474619468
6.871736392071828 	 0.9305684398536231
6.975703350799822 	 0.9333147034058226
7.081243293107276 	 0.9359914373083895
7.188380017683435 	 0.9385987975121257
7.297137683283339 	 0.9411369965232363
7.407540814175511 	 0.9436063030873834
7.519614305672049 	 0.9460070417623451
7.633383429742382 	 0.9483395923786194
7.748873840711961 	 0.9506043893876653
7.866111581047163 	 0.9528019210978416
7.985123087227766 	 0.9549327287984821
8.105935195708177 	 0.9569974057729317
8.228575148968941 	 0.9589965962017654
8.353070601659775 	 0.9609309939578168
8.479449626835528 	 0.9628013412950465
8.607740722286517 	 0.9646084274336948
8.737972816964616 	 0.9663530870445731
8.870175277506577 	 0.9680361986357597
9.00437791485608 	 0.9696586828453716
9.14061099098589 	 0.9712215006444864
9.2789052257218 	 0.9727256514546829
9.419291803669784 	 0.9741721711850487
9.561802381247952 	 0.9755621301938785
9.706469093824905 	 0.9768966311806386
9.853324562966078 	 0.9781768070141126
10.002401903789766 	 0.9794038185029609
10.153734732434344 	 0.980578852115222
10.307357173638572 	 0.9817031176535569
10.46330386843652 	 0.9827778458932765
10.621609981968943 	 0.9838042861904154
10.782311211412827 	 0.9847837040672908
10.945443794030899 	 0.9857173787831436
11.111044515342982 	 0.9866066008975731
11.279150717420865 	 0.9874526698345533
11.449800307308783 	 0.9882568914548702
11.623031765571232 	 0.9890205756448164
11.798884154970148 	 0.9897450339289485
11.97739712927333 	 0.9904315771146357
12.158610942196155 	 0.9910815129760145
12.342566456478613 	 0.9916961439848067
12.529305153099562 	 0.9922767650952615
12.718869140630522 	 0.992824661590249
12.911301164730913 	 0.9933411069952525
13.10664461778697 	 0.9938273610666994
13.3049435486965 	 0.9942846678607179
13.506242672801648 	 0.9947142538880215
13.710587381972028 	 0.9951173263602135
13.918023754840265 	 0.995495071532347
14.128598567192526 	 0.9958486531461102
14.342359302516197 	 0.9961792109775035
14.559354162707159 	 0.996487859492355
14.779632078939049 	 0.9967756866124821
15.003242722696982 	 0.9970437525947545
15.230236516978184 	 0.9972930890247484
15.460664647662176 	 0.9975246979261102
15.69457907505281 	 0.9977395509861746
15.932032545595106 	 0.9979385888978085
16.173078603769284 	 0.9981227208168816
16.417771604164738 	 0.9982928239342085
16.66616672373672 	 0.9984497431602584
16.918319974248426 	 0.998594290920401
17.174288214901406 	 0.998727247057948
17.434129165156918 	 0.9988493588417667
17.69790141775142 	 0.9989613410747868
17.965664451908893 	 0.9990638762992964
18.237478646753093 	 0.9991576150945317
18.513405294922727 	 0.9992431764617163
18.79350661639257 	 0.9993211482913835
19.077845772503835 	 0.9993920879075487
19.36648688020659 	 0.9994565226830633
19.659495026517863 	 0.9995149507202948
19.956936283198395 	 0.9995678415911362
20.25887772165147 	 0.999615637130245
20.565387428047146 	 0.9996587522753625
20.876534518675314 	 0.9996975759485488
21.192389155531117 	 0.9997324719722054
21.513022562135994 	 0.9997637800138278
21.83850703959827 	 0.9997918165535475
22.168915982916655 	 0.9998168758686699
22.50432389753041 	 0.999839231029607
22.844806416119944 	 0.9998591349018177
23.190440315661526 	 0.9998768211486198
23.5413035347402 	 0.9998925052300152
23.89747519112436 	 0.9999063853929612
24.259035599606474 	 0.9999186436488474
24.626066290113624 	 0.9999294467342632
24.998650026092058 	 0.9999389470514907
25.37687082316991 	 0.9999472835855119
25.760813968102262 	 0.9999545827946746
26.15056603800283 	 0.9999609594725276
26.546214919866735 	 0.9999665175786859
26.9478498303884 	 0.9999713510369485
27.355561336079536 	 0.9999755444992284
27.76944137369137 	 0.9999791740741928
28.1895832709459 	 0.9999823080198278
28.616081767580773 	 0.9999850073994483
29.049033036712586 	 0.9999873267009584
29.48853470652351 	 0.9999893144194337
29.934685882275726 	 0.999991013603344
30.387587168659284 	 0.9999924623649544
30.847340692477825 	 0.9999936943556508
31.31405012567779 	 0.9999947392071057
31.787820708725565 	 0.9999956229393613
32.268759274339075 	 0.9999963683370359
32.756974271577505 	 0.9999969952949702
33.25257579029649 	 0.9999975211347183
33.75567558597225 	 0.9999979608933545
34.26638710490233 	 0.9999983275861155
34.78482550978692 	 0.9999986324444261
35.31110770569721 	 0.9999988851308691
35.845352366437375 	 0.9999990939326555
36.38767996130426 	 0.9999992659351341
36.938212782253174 	 0.9999994071768508
37.49707497147349 	 0.9999995227876238
38.064392549382504 	 0.9999996171110563
38.64029344304221 	 0.9999996938128426
39.22490751500588 	 0.999999755976169
39.818366592601954 	 0.9999998061854342
40.42080449765971 	 0.9999998465994466
41.03235707668607 	 0.9999998790151807
41.653162231497554 	 0.9999999049230969
42.283359950317006 	 0.9999999255549599
42.923092339339924 	 0.9999999419250096
43.57250365477839 	 0.9999999548652706
44.23174033539067 	 0.999999965055714
44.90095103550166 	 0.9999999730499193
45.580286658524386 	 0.9999999792968178
46.26990039098712 	 0.999999984159042
46.96994773707681 	 0.9999999879283433
47.68058655370416 	 0.9999999908384958
48.40197708609922 	 0.9999999930760461
49.134282003946474 	 0.9999999947892337
49.87766643806523 	 0.9999999960953581
50.63229801764652 	 0.999999997086837
51.398346908051735 	 0.9999999978361676
52.1759858491849 	 0.9999999983999682
52.96539019444366 	 0.999999998822258
53.76673795026134 	 0.9999999991371044
54.580209816246104 	 0.999999999370751
55.4059892259274 	 0.9999999995433201
56.244262388120006 	 0.9999999996701662
57.095218328912246 	 0.9999999997629498
57.95904893429124 	 0.9999999998304824
58.83594899341124 	 0.9999999998793891
59.72611624251837 	 0.9999999999146268
60.629751409538734 	 0.9999999999398846
61.54705825934109 	 0.9999999999578939
62.47824363968564 	 0.9999999999706664
63.42351752786601 	 0.9999999999796759
64.38309307805912 	 0.9999999999859962
65.35718666938918 	 0.9999999999904053
66.34601795472099 	 0.9999999999934637
67.34980991019006 	 0.999999999995573
68.36878888548212 	 0.9999999999970192
69.40318465487474 	 0.9999999999980049
70.45323046904903 	 0.9999999999986728
71.51916310768763 	 0.9999999999991225
72.60122293286601 	 0.9999999999994235
73.69965394325389 	 0.9999999999996236
74.81470382913523 	 0.9999999999997559
75.94662402826049 	 0.9999999999998427
77.09566978254568 	 0.9999999999998993
78.26210019562674 	 0.9999999999999359
79.44617829128725 	 0.9999999999999596
80.64817107276767 	 0.9999999999999747
81.86834958297418 	 0.9999999999999842
83.10698896559701 	 0.9999999999999902
84.36436852715327 	 0.999999999999994
85.64077179997032 	 0.9999999999999963
86.93648660611933 	 0.9999999999999978
88.2518051223191 	 0.9999999999999987
89.58702394581884 	 0.9999999999999992
90.94244416128056 	 0.9999999999999996
92.3183714086715 	 0.9999999999999998
93.71511595218367 	 0.9999999999999999
95.13299275019817 	 0.9999999999999999
96.57232152630503 	        1.0
98.03342684140073 	        1.0
99.51663816687332 	        1.0
101.02228995889787 	        1.0
102.550721733854 	        1.0
104.10227814488425 	        1.0
105.67730905961305 	        1.0
107.2761696390383 	        1.0
108.89922041761994 	        1.0
110.54682738457683 	        1.0
112.21936206641683 	        1.0
113.91720161071346 	        1.0
115.64072887114989 	        1.0
117.390332493852 	        1.0
119.16640700502418 	        1.0
120.96935289991468 	        1.0
122.79957673312329 	        1.0
124.65749121027883 	        1.0
126.54351528110146 	        1.0
128.45807423387265 	        1.0
130.4015997913373 	        1.0
132.37453020805282 	        1.0
134.37731036921525 	        1.0
136.41039189097629 	        1.0
138.47423322228232 	        1.0
140.56929974825132 	        1.0
142.6960638951138 	        1.0
144.85500523674443 	        1.0
147.04661060280102 	        1.0
149.27137418850438 	        1.0
151.52979766607424 	        1.0
153.8223902978561 	        1.0
156.1496690511547 	        1.0
158.5121587148095 	        1.0
160.91039201753088 	        1.0
163.34490974802648 	        1.0
165.81626087694866 	        1.0
168.32500268068148 	        1.0
170.87170086700652 	        1.0
173.45692970266404 	        1.0
176.08127214284937 	        1.0
178.74531996266543 	        1.0
181.44967389056347 	        1.0
184.19494374380676 	        1.0
186.98174856597814 	        1.0
189.810716766574 	        1.0
192.68248626270426 	        1.0
195.59770462294185 	        1.0
198.5570292133448 	        1.0
201.56112734568768 	        1.0
204.61067642793944 	        1.0
207.70636411701207 	        1.0
210.84888847382692 	        1.0
214.0389581207202 	        1.0
217.2772924012366 	        1.0
220.56462154233606 	        1.0
223.90168681905462 	        1.0
227.28924072166117 	        1.0
230.7280471253364 	        1.0
234.21888146242594 	        1.0
237.7625308972928 	        1.0
241.35979450382177 	        1.0
245.01148344560494 	        1.0
248.7184211588533 	        1.0
252.48144353808047 	        1.0
256.3013991245886 	        1.0
260.1791492978139 	        1.0
264.11556846955887 	        1.0
268.11154428117095 	        1.0
272.1679778036997 	        1.0
276.2857837410817 	        1.0
280.4658906364048 	        1.0
284.7092410812859 	        1.0
289.01679192842397 	        1.0
293.3895145073613 	        1.0
297.82839484351666 	        1.0
302.3344338805274 	        1.0
306.9086477059546 	        1.0
311.55206778040997 	        1.0
316.2657411701395 	        1.0
321.05073078313643 	        1.0
325.9081156088161 	        1.0
330.8389909613268 	        1.0
335.84446872653535 	        1.0
340.9256776127492 	        1.0
346.083763405239 	        1.0
351.3198892246013 	        1.0
356.6352357890419 	        1.0
362.0310016806153 	        1.0
367.50840361550416 	        1.0
373.06867671837955 	        1.0
378.71307480091286 	        1.0
384.44287064450896 	        1.0
390.25935628730525 	        1.0
396.1638433155257 	        1.0
402.15766315923014 	        1.0
408.24216739255087 	        1.0
414.418728038459 	        1.0
420.6887378781538 	        1.0
427.0536107651253 	        1.0
433.5147819439675 	        1.0
440.0737083740249 	        1.0
446.73186905792153 	        1.0
453.4907653750756 	        1.0
460.351921420245 	        1.0
467.31688434720877 	        1.0
474.38722471763964 	        1.0
481.56453685525395 	        1.0
488.85043920533 	        1.0
496.2465746996509 	        1.0
503.75461112698474 	        1.0
511.37624150915394 	        1.0
519.1131844828099 	        1.0
526.9671846869727 	        1.0
534.9400131564355 	        1.0
543.0334677211301 	        1.0
551.2493734115195 	        1.0
559.5895828701412 	        1.0
568.0559767693592 	        1.0
576.6504642354537 	        1.0
585.3749832791149 	        1.0
594.2315012324508 	        1.0
603.2220151926182 	        1.0
612.3485524721478 	        1.0
621.6131710561021 	        1.0
631.0179600661296 	        1.0
640.5650402315598 	        1.0
650.2565643676124 	        1.0
660.0947178608415 	        1.0
670.0817191619374 	        1.0
680.2198202859655 	        1.0
690.5113073201934 	        1.0
700.9585009395811 	        1.0
711.56375693009 	        1.0
722.3294667198958 	        1.0
733.2580579186384 	        1.0
744.3519948648456 	        1.0
755.6137791816151 	        1.0
767.04595034073 	        1.0
778.6510862352837 	        1.0
790.4318037609918 	        1.0
802.3907594062828 	        1.0
814.5306498513177 	        1.0
826.854212576088 	        1.0
839.3642264776896 	        1.0
852.0635124969626 	        1.0
864.9549342545843 	        1.0
878.0413986968127 	        1.0
891.3258567509822 	        1.0
904.811303990916 	        1.0
918.5007813124246 	        1.0
932.3973756189972 	        1.0
946.5042205178962 	        1.0
960.8244970267541 	        1.0
975.3614342908887 	        1.0
990.1183103114532 	        1.0
1005.0984526846008 	        1.0
1020.3052393518543 	        1.0
1035.7420993617973 	        1.0
1051.4125136433229 	        1.0
1067.3200157905476 	        1.0
1083.4681928596324 	        1.0
1099.860686177639 	        1.0
1116.5011921636217 	        1.0
1133.3934631621664 	        1.0
1150.541308289506 	        1.0
1167.948594292474 	        1.0
1185.6192464204153 	        1.0
1203.5572493103298 	        1.0
1221.766647885366 	        1.0
1240.2515482669464 	        1.0
1259.0161187006695 	        1.0
1278.0645904962178 	        1.0
1297.4012589815143 	        1.0
1317.0304844712746 	        1.0
1336.9566932502555 	        1.0
1357.1843785713374 	        1.0
1377.718101668747 	        1.0
1398.5624927865836 	        1.0
1419.7222522229047 	        1.0
1441.2021513896393 	        1.0
1463.0070338884916 	        1.0
1485.1418166031704 	        1.0
1507.6114908080967 	        1.0
1530.4211232939301 	        1.0
1553.5758575100936 	        1.0
1577.0809147245848 	        1.0
1600.941595201365 	        1.0
1625.1632793955162 	        1.0
1649.7514291665284 	        1.0
1674.7115890098953 	        1.0
1700.0493873073906 	        1.0
1725.7705375962278 	        1.0
1751.880839857422 	        1.0
1778.3861818236785 	        1.0
1805.2925403070165 	        1.0
1832.6059825465375 	        1.0
1860.3326675765252 	        1.0
1888.4788476152999 	        1.0
1917.050869475051 	        1.0
1946.0551759929956 	        1.0
1975.4983074842307 	        1.0
2005.3869032165094 	        1.0
2035.7277029073898 	        1.0
2066.5275482439747 	        1.0
2097.793384425702 	        1.0
2129.532261730438 	        1.0
2161.7513371042673 	        1.0
2194.45787577537 	        1.0
2227.6592528922615 	        1.0
2261.3629551868826 	        1.0
2295.57658266278 	        1.0
2330.307850308901 	        1.0
2365.5645898392654 	        1.0
2401.3547514589627 	        1.0
2437.686405656913 	        1.0
2474.56774502568 	        1.0
2512.0070861088966 	        1.0
2550.0128712765595 	        1.0
2588.593670628776 	        1.0
2627.7581839282575 	        1.0
2667.515242562055 	        1.0
2707.873811533026 	        1.0
2748.8429914813523 	        1.0
2790.432020736727 	        1.0
2832.6502774015057 	        1.0
2875.5072814654573 	        1.0
2919.0126969524517 	        1.0
2963.176334099631 	        1.0
3008.008151569603 	        1.0
3053.5182586960195 	        1.0
3099.7169177632272 	        1.0
3146.614546320304 	        1.0
3194.221719530215 	        1.0
3242.5491725544007 	        1.0
3291.6078029735445 	        1.0
3341.4086732448995 	        1.0
3391.963013196792 	        1.0
3443.2822225609357 	        1.0
3495.3778735429537 	        1.0
3548.2617134319053 	        1.0
3601.94566724918 	        1.0
3656.441840437576 	        1.0
3711.7625215909893 	        1.0
3767.9201852254046 	        1.0
3824.9274945918837 	        1.0
3882.7973045320005 	        1.0
3941.5426643765977 	        1.0
4001.176820888281 	        1.0
4061.713221248547 	        1.0
4123.165516090027 	        1.0
4185.547562574605 	        1.0
4248.873427518193 	        1.0
4313.157390562655 	        1.0
4378.413947395855 	        1.0
4444.65781302029 	        1.0
4511.903925071306 	        1.0
4580.167447185426 	        1.0
4649.46377241964 	        1.0
4719.808526722526 	        1.0
4791.2175724577355 	        1.0
4863.707011980954 	        1.0
4937.293191270813 	        1.0
5011.992703614892 	        1.0
5087.822393351385 	        1.0
5164.799359667378 	        1.0
5242.940960454693 	        1.0
5322.264816223922 	        1.0
5402.788814077835 	        1.0
5484.531111744743 	        1.0
5567.510141673045 	        1.0
5651.74461518761 	        1.0
5737.253526709051 	        1.0
5824.0561580369385 	        1.0
5912.172082697655 	        1.0
6001.621170358212 	        1.0
6092.423591306656 	        1.0
6184.599821000447 	        1.0
6278.170644683527 	        1.0
6373.157162073243 	        1.0
6469.580792118307 	        1.0
6567.463277828552 	        1.0
6666.826691177969 	        1.0
6767.693438081712 	        1.0
6870.086263448601 	        1.0
6974.028256309945 	        1.0
7079.542855025946 	        1.0
7186.653852571019 	        1.0
7295.385401898876 	        1.0
7405.76202138899 	        1.0
7517.808600375251 	        1.0
7631.550404758476 	        1.0
7747.013082703689 	        1.0
7864.222670423598 	        1.0
7983.205598049731 	        1.0
8103.98869559216 	        1.0
8226.599198989656 	        1.0
8351.064756251113 	        1.0
8477.41343369014 	        1.0
8605.67372225382 	        1.0
8735.874543947204 	        1.0
8868.0452583552 	        1.0
9002.21566926285 	        1.0
9138.416031376077 	        1.0
9276.677057143803 	        1.0
9417.02992368359 	        1.0
9559.506279811776 	        1.0
9704.138253180223 	        1.0
9850.958457520894 	        1.0
   10000.0 	        1.0
