#scaled time 	 tcdf 
0.000988272854367433 	 0.00044120694993702637
0.0010043590603505156 	 0.000448386904776474
0.0010207071029526933 	 0.00045568367554493826
0.0010373212441121223 	 0.00046309916193200076
0.001054205815138912 	 0.00047063529449178085
0.0010713652178442937 	 0.00047829403514345367
0.001088803925688177 	 0.0004860773776798543
0.001106526484945377 	 0.0004939873482842961
0.0011245375158908347 	 0.0005020260060557432
0.0011428417140041216 	 0.0005101954435424553
0.0011614438511935482 	 0.0005184977872842515
0.001180348777040209 	 0.0005269351983635302
0.0011995614200622647 	 0.0005355098729651868
0.0012190867889998055 	 0.0005442240429455584
0.001238929974120637 	 0.0005530799764105632
0.0012590961485473098 	 0.0005620799783031561
0.0012795905696057566 	 0.0005712263910002721
0.0013004185801958716 	 0.0005805215949193927
0.0013215856101844146 	 0.0005899680091348959
0.0013430971778205741 	 0.00059956809200435
0.0013649588911745726 	 0.0006093243418048991
0.0013871764495996981 	 0.0006192392973799137
0.0014097556452181248 	 0.0006293155387960604
0.001432702364430915 	 0.0006395556880109618
0.0014560225894526136 	 0.0006499624095516173
0.001479722399870808 	 0.0006605384112037507
0.0015038079742310795 	 0.0006712864447122599
0.001528285591647746 	 0.0006822093064929525
0.0015531616334408381 	 0.000693309838355743
0.0015784425847997052 	 0.0007045909282394838
0.001604135036473701 	 0.000716055510958631
0.0016302456864904036 	 0.0007277065689619323
0.0016567813419017864 	 0.0007395471331033112
0.001683748920558815 	 0.0007515802834251548
0.001711155452914941 	 0.0007638091499542136
0.0017390080838589359 	 0.0007762369135102821
0.0017673140745775697 	 0.0007888668065278944
0.0017960808044485954 	 0.0008017021138912169
0.0018253157729645664 	 0.0008147461737823754
0.001855026601687949 	 0.0008280023785433966
0.001885221036238061 	 0.0008414741755520041
0.0019159069483103669 	 0.0008551650681114807
0.0019470923377286225 	 0.0008690786163548231
0.001978785334530436 	 0.0008832184381633993
0.0020109942010867617 	 0.0008975882101003657
0.0020437273342559124 	 0.0009121916683590518
0.0020769932675726195 	 0.0009270326097265682
0.002110800673472718 	 0.0009421148925628617
0.002145158365554066 	 0.0009574424377954731
0.0021800753008742466 	 0.0009730192299302466
0.0022155605822856642 	 0.0009888493180782287
0.002251623460808679 	 0.0010049368169990267
0.002288273338043337 	 0.0010212859081608853
0.002325519768620368 	 0.0010379008408177217
0.00236337246269209 	 0.001054785933103432
0.002401841288463839 	 0.0010719455731436852
0.0024409362747666186 	 0.0010893842201855292
0.0024806676136716085 	 0.0011071064057450448
0.0025210456631472515 	 0.001125116734773379
0.0025620809497595744 	 0.0011434198868414008
0.002603784171416456 	 0.0011620206173432934
0.0026461662001565902 	 0.0011809237587193855
0.0026892380849838178 	 0.0012001342216985138
0.0027330110547476106 	 0.0012196569965602087
0.0027774965210704224 	 0.001239497154417048
0.0028227060813227193 	 0.0012596598485174612
0.0028686515216464073 	 0.0012801503155693253
0.002915344820027474 	 0.0013009738770846477
0.0029627981494186693 	 0.0013221359407457227
0.0030110238809129873 	 0.00134364200179302
0.0030600345869688057 	 0.0013654976444352062
0.003109843044687544 	 0.0013877085432816123
0.003160462239144649 	 0.0014102804647975074
0.0032119053667747977 	 0.0014332192687825265
0.0032641858388122273 	 0.0014565309098726197
0.0033173172847870405 	 0.0014802214390658797
0.0033713135560784146 	 0.00150429700527262
0.0034261887295256787 	 0.0015287638568900943
0.003481957111098137 	 0.001553628343402205
0.003538633239624641 	 0.0015788969170046183
0.0035962318905838676 	 0.0016045761342556766
0.0036547680799562756 	 0.0016306726577534761
0.0037142570681387974 	 0.0016571932578395483
0.0037747143639232173 	 0.001684144814329548
0.0038361557285393026 	 0.0017115343182713342
0.003898597179763786 	 0.0017393688737309114
0.0039620549960961895 	 0.0017676556996066221
0.004026545721002622 	 0.001796402131472034
0.004092086167228686 	 0.0018256156234479875
0.004158693421182556 	 0.0018553037501042044
0.004226384847389392 	 0.0018854742083909317
0.004295178093018303 	 0.0019161348196011082
0.004365091092482955 	 0.0019472935313634763
0.00443614207211706 	 0.001978958419667109
0.004508349554926016 	 0.002011137690917883
0.00458173236541584 	 0.0020438396840273404
0.004656309634500712 	 0.0020770728725344073
0.004732100804490435 	 0.0021108458667605644
0.004809125634159025 	 0.002145167415998846
0.004887404203895842 	 0.002180046410737298
0.0049669569209405484 	 0.0022154918849173425
0.005047804524703265 	 0.0022515130182275797
0.005129968092171367 	 0.0022881191384336347
0.005213469043404247 	 0.0023253197237444755
0.005298329147117513 	 0.00236312440521585
0.005384570526358123 	 0.0024015429691913474
0.0054722156642718605 	 0.0024405853597816753
0.005561287409964675 	 0.002480261681382685
0.0056518089844594804 	 0.0025205822012327795
0.005743803986749865 	 0.0025615573520102455
0.005837296399952339 	 0.0026031977344711196
0.00593231059755877 	 0.002645514120128217
0.006028871349790543 	 0.002688517453971885
0.006127003830056137 	 0.0027322188572331267
0.006226733621513886 	 0.002776629630189746
0.006328086723741479 	 0.0028217612550161058
0.006431089559514074 	 0.002867625398677158
0.00653576898169269 	 0.002914233915867405
0.006642152280224798 	 0.0029615988519954674
0.006750267189258789 	 0.003009732446214884
0.006860141894374281 	 0.0030586471345018565
0.006971805039930083 	 0.0031083555527806036
0.0070852857365318244 	 0.003158870540097052
0.007200613568621078 	 0.0032102051418415336
0.0073178186021880046 	 0.0032623726130211798
0.00743693139260961 	 0.003315386421582836
0.007557982992615512 	 0.003369260251787087
0.007681004960383379 	 0.003424008007634235
0.007806029367766187 	 0.003479643816342927
0.00793308880865335 	 0.0035361820318822435
0.008062216407467916 	 0.003593637238557892
0.00819344582780217 	 0.003652024254653471
0.008326811281193707 	 0.00371135813612737
0.00846234753604437 	 0.0037716541803662898
0.008600089926684425 	 0.0038329279299960744
0.008740074362584192 	 0.0038951951767506646
0.008882337337715679 	 0.0039584719654000835
0.00902691594006652 	 0.004022774597738166
0.009173847861308882 	 0.00408811963663097
0.009323171406625658 	 0.004154523910126649
0.009474925504696651 	 0.004222004515627703
0.009629149717847249 	 0.004290578824126391
0.009785884252362391 	 0.004360264484504291
0.009945169968968331 	 0.004431079427896815
0.010107048393485 	 0.004503041872123576
0.010271561727651861 	 0.004576170326185552
0.010438752860129859 	 0.004650483594829927
0.010608665377682541 	 0.004726000783183574
0.010781343576539098 	 0.00480274130145603
0.010956832473942444 	 0.004880724869713007
0.011135177819885175 	 0.004959971522721305
0.011316426109036633 	 0.005040501614866139
0.011500624592864076 	 0.005122335825141848
0.011687821291951122 	 0.005205495162216888
0.011878065008516757 	 0.00529000096957424
0.012071405339138053 	 0.005375874930728054
0.012267892687680018 	 0.005463139074517714
0.012467578278435917 	 0.005551815780480156
0.012670514169481407 	 0.005641927784301635
0.012876753266246146 	 0.005733498183349833
0.013086349335306198 	 0.005826550442287412
0.013299357018401018 	 0.005921108398768089
0.013515831846678573 	 0.006017196269216171
0.01373583025517229 	 0.006114838654690755
0.013959409597513727 	 0.006214060546835615
0.014186628160884632 	 0.006314887333915722
0.014417545181212443 	 0.006417344806941783
0.01465222085861313 	 0.006521459165883489
0.01489071637308533 	 0.00662725702597303
0.015133093900460031 	 0.006734765424099516
0.015379416628609793 	 0.006844011825295847
0.015629748773921842 	 0.006955024129318783
0.01588415559803933 	 0.007067830677323636
0.01614270342487501 	 0.007182460258634533
0.016405459657901942 	 0.007298942117611436
0.016672492797725542 	 0.007417305960615084
0.016943872459941743 	 0.007537581963070978
0.017219669393285793 	 0.007659800776633601
0.017499955498076435 	 0.007783993536451941
0.01778480384496038 	 0.007910191868537588
0.018074288693961802 	 0.008038427897236465
0.018368485513841945 	 0.008168734252805442
0.018667471001773885 	 0.008301144079094954
0.018971323103337434 	 0.008435691041338768
0.01928012103283965 	 0.00857240933405218
0.01959394529396594 	 0.008711333689039619
0.019912877700767433 	 0.008852499383513077
0.02023700139898994 	 0.008995942248322316
0.020566400887750004 	 0.00914169867629816
0.020901162041563913 	 0.009289805630709955
0.02124137213273514 	 0.009440300653838444
0.021587119854106274 	 0.009593221875665157
0.021938495342181296 	 0.009748608022679517
0.022295590200624122 	 0.009906498426804756
0.02265849752413976 	 0.010066933034443908
0.02302731192274407 	 0.010229952415646915
0.023402129546428622 	 0.010395597773399936
0.02378304811022708 	 0.010563910953038286
0.024170166919689425 	 0.010734934451783673
0.024563586896771045 	 0.010908711428407247
0.02496341060614302 	 0.011085285713019359
0.025369742281930792 	 0.011264701816987108
0.025782687854888055 	 0.0114470049429809
0.026202354980012842 	 0.011632240995150901
0.02662885306461331 	 0.01182045658943459
0.027062293296830152 	 0.012011699063996234
0.02750278867462341 	 0.012206016489799687
0.027950454035231106 	 0.012403457681314962
0.028405406085107245 	 0.012604072207360036
0.028867763430347314 	 0.012807910402078584
0.029337646607608833 	 0.013015023376054634
0.029815178115535305 	 0.013225463027565002
0.030300482446691698 	 0.01343928205397054
0.030793686120019592 	 0.013656533963246788
0.03129491771382078 	 0.013877273085655105
0.03180430789927757 	 0.01410155458555486
0.03232198947451889 	 0.014329434473357633
0.03284809739924071 	 0.014560969617623914
0.033382768829890046 	 0.014796217757303252
0.03392614315542181 	 0.015035237514118185
0.034478362033637355 	 0.015278088405092802
0.03503956942811487 	 0.015524830855226475
0.03560991164574056 	 0.015775526210312966
0.03618953737485097 	 0.01603023674990587
0.0367785977239961 	 0.016289025700430303
0.037377246261333305 	 0.016551957248441492
0.03798563905466271 	 0.016819096554030646
0.03860393471211397 	 0.017090509764377752
0.03923229442349552 	 0.017366264027452536
0.03987088200231681 	 0.017646427505862382
0.040519863928494444 	 0.01793106939084854
0.04117940939175364 	 0.018220259916429487
0.041849690335735906 	 0.018514070373692303
0.04253088150282484 	 0.018812573125230995
0.043223160479701574 	 0.01911584161973229
0.0439267077436415 	 0.019423950406707892
0.044641706709564924 	 0.019736975151373293
0.045368343777853204 	 0.020054992649672226
0.04610680838294344 	 0.02037808084344635
0.046857293042714146 	 0.02070631883574945
0.04761999340867453 	 0.02103978690630504
0.048395108316971094 	 0.021378566527106884
0.049182839840224056 	 0.021722740378160948
0.04998339334020783 	 0.022072392363367888
0.05079697752138893 	 0.022427607626544728
0.051623804485335135 	 0.02278847256758404
0.05246408978601057 	 0.02315507485874968
0.053318052485970505 	 0.023527503461106585
0.0541859152134711 	 0.02390584864108344
0.05506790422050872 	 0.024290201987166034
0.05596424944180367 	 0.024680656426718895
0.05687518455474443 	 0.02507730624293338
0.05780094704030728 	 0.025480247091899295
0.05874177824496762 	 0.02588957601979764
0.05969792344361922 	 0.026305391480211812
0.060669631903517186 	 0.02672779335155367
0.06165715694926225 	 0.027156882954602064
0.0626607560288423 	 0.02759276307014963
0.06368069078074927 	 0.028035537956754914
0.06471722710218838 	 0.028485313368595493
0.06577063521839742 	 0.028942196573418306
0.06684118975309478 	 0.02940629637058296
0.06792916980007364 	 0.029877723109193163
0.06903485899596196 	 0.030356588706311947
0.07015854559416661 	 0.030843006665255353
0.07130052254002092 	 0.03133709209395943
0.07246108754715588 	 0.031838961723414896
0.07364054317511386 	 0.03234873392616379
0.07483919690822605 	 0.032866528734851644
0.07605736123577382 	 0.03339246786082934
0.07729535373345453 	 0.03392667471279706
0.07855349714617375 	 0.034469274415484114
0.07983211947218481 	 0.03502039382835672
0.08113155404859802 	 0.03558016156434594
0.0824521396382819 	 0.036148708008588284
0.0837942205181784 	 0.03672616533716961
0.0851581465690564 	 0.03731266753586441
0.08654427336672528 	 0.03790835041886037
0.08795296227473381 	 0.03851335164745934
0.08938458053857785 	 0.039127810748744246
0.09083950138144097 	 0.03975186913420128
0.09231810410149414 	 0.04038567011828718
0.09382077417077868 	 0.041029358936929404
0.09534790333569886 	 0.04168308276594777
0.09689988971915049 	 0.0423469907393856
0.09847713792431136 	 0.04302123396773643
0.10008005914012158 	 0.043705965556054535
0.1017090712484807 	 0.04440134062193396
0.1033645989331891 	 0.04510751631334238
0.10504707379066383 	 0.04582465182629527
0.10675693444245558 	 0.0465529084223538
0.10849462664959708 	 0.04729244944593093
0.11026060342881373 	 0.04804344034138954
0.11205532517062487 	 0.04880604866991417
0.11387925975936729 	 0.04958044412613902
0.1157328826951735 	 0.05036679855451405
0.11761667721793423 	 0.05116528596538857
0.11953113443327944 	 0.051976082550793945
0.12147675344060914 	 0.052799366699903
0.12345404146320947 	 0.053635319014146796
0.12546351398048552 	 0.05448412232196428
0.12750569486234659 	 0.05534596169316369
0.1295811165057799 	 0.05622102445287133
0.1316903199736462 	 0.057109500195042906
0.13383385513573465 	 0.05801158079551252
0.13601228081211472 	 0.058927460424553144
0.13822616491882023 	 0.05985733555892113
0.14047608461590533 	 0.060801404993357074
0.14276262645790985 	 0.06175986985151416
0.14508638654677494 	 0.06273293359628425
0.1474479706872465 	 0.06372080203949097
0.14984799454480832 	 0.0647236833509177
0.15228708380618694 	 0.0657417880666386
0.15476587434246797 	 0.06677532909661825
0.15728501237486725 	 0.06782452173154499
0.1598451546432019 	 0.06888958364886338
0.1624469685771018 	 0.0699707349179676
0.16509113247000906 	 0.0710681980045179
0.1677783356560085 	 0.07218219777384205
0.17050927868953825 	 0.07331296149338047
0.17328467352802396 	 0.07446071883413409
0.17610524371748565 	 0.07562570187107193
0.17897172458116742 	 0.07680814508245531
0.1818848634112359 	 0.07800828534803289
0.18484541966359871 	 0.0792263619460602
0.1878541651558962 	 0.08046261654909734
0.19091188426871342 	 0.08171729321853369
0.19401937415006892 	 0.08299063839779178
0.19717744492323053 	 0.08428290090415705
0.2003869198979157 	 0.08559433191918153
0.2036486357849283 	 0.08692518497760705
0.20696344291428828 	 0.08827571595475134
0.21033220545691436 	 0.08964618305230213
0.21375580164991292 	 0.09103684678245803
0.2172351240255339 	 0.0924479699503577
0.22077107964385548 	 0.09387981763473688
0.2243645903292539 	 0.09533265716674778
0.22801659291072382 	 0.09680675810687892
0.2317280394661089 	 0.09830239221990744
0.23549989757030992 	 0.09981983344781904
0.23933315054753135 	 0.10135935788062385
0.2432287977276332 	 0.10292124372499975
0.24718785470665805 	 0.10450577127068997
0.2512113536115963 	 0.10611322285458277
0.2553003433694623 	 0.10774388282239644
0.2594558899807486 	 0.1093980374878942
0.26367907679733454 	 0.11107597508955089
0.26797100480491515 	 0.11277798574459136
0.27233279291002765 	 0.11450436140031797
0.2767655782317523 	 0.11625539578264814
0.28127051639815864 	 0.11803138434177375
0.2858487818475773 	 0.11983262419485784
0.29050156813477784 	 0.12165941406568369
0.29523008824212776 	 0.12351205422116332
0.3000355748958177 	 0.1253908464046189
0.30491928088723236 	 0.12729609376574272
0.30988247939955516 	 0.12922810078714575
0.3149264643396864 	 0.13118717320739703
0.32005255067556443 	 0.13317361794046023
0.3252620747789796 	 0.135187742991431
0.33055639477396603 	 0.1372298573684748
0.3359368908908635 	 0.1393002709908671
0.3414049658261461 	 0.1413992945930367
0.34696204510810397 	 0.14352723962450756
0.3526095774684796 	 0.14568441814563954
0.35834903522015105 	 0.14787114271906238
0.3641819146409664 	 0.1500877262967016
0.37010973636382255 	 0.15233448210228692
0.3761340457730935 	 0.15461172350924118
0.38225641340751465 	 0.15691976391384263
0.38847843536962134 	 0.1592589166035526
0.39480173374185196 	 0.16162949462040216
0.40122795700942776 	 0.1640318106193323
0.4077587804901113 	 0.16646617672137648
0.4143959067709635 	 0.1689329043615819
0.42114106615220614 	 0.17143230413155996
0.42799601709831464 	 0.1739646856165607
0.43496254669644835 	 0.1765303572269641
0.4420424711223436 	 0.17912962602408203
0.4492376361137935 	 0.18176279754016808
0.456549917451831 	 0.18443017559253067
0.46398122144974385 	 0.1871320620916454
0.47153348545005386 	 0.18986875684316937
0.47920867832958053 	 0.19264055734375576
0.48700880101272853 	 0.19544775857057187
0.49493588699312735 	 0.19829065276442612
0.5029920028637662 	 0.20116952920641284
0.5111792488557542 	 0.20408467398798305
0.519499759385849 	 0.207036369774355
0.5279557036129031 	 0.21002489556118437
0.5365492860033624 	 0.21305052642441002
0.5452827469059696 	 0.21611353326320287
0.5541583631358263 	 0.2192141825359469
0.5631784485679578 	 0.22235273598918484
0.5723453547405414 	 0.2255294503794675
0.5816614714679504 	 0.2287445771880511
0.5911292274637835 	 0.23199836232839477
0.6007510909740283 	 0.23529104584641225
0.6105295704205322 	 0.23862286161344132
0.6204672150549524 	 0.24199403701190578
0.6305666156233437 	 0.2454047926136422
0.6408304050415655 	 0.2488553418508835
0.6512612590816869 	 0.2523458906798919
0.6618618970695584 	 0.2558766372372471
0.6726350825937425 	 0.25944777148880405
0.6835836242259786 	 0.2630594748713451
0.6947103762533826 	 0.2667119199269623
0.706018239422558 	 0.2704052699302185
0.7175101616958192 	 0.2741396785081441
0.7291891390197299 	 0.27791528925314607
0.7410582161061452 	 0.28173223532891056
0.7531204872259659 	 0.2855906390694012
0.7653790970158207 	 0.28949061157106876
0.77783724129787 	 0.29343225227840064
0.7904981679129593 	 0.2974156485629557
0.8033651775673291 	 0.30144087529604835
0.8164416246931133 	 0.30550799441526577
0.8297309183228398 	 0.3096170544850093
0.8432365229781621 	 0.3137680902512861
0.8569619595730661 	 0.31796112219098394
0.8709108063317711 	 0.32219615605588947
0.8850866997215703 	 0.3264731824117273
0.8994933354008646 	 0.3307921761725246
0.9141344691826173 	 0.33515309613062405
0.9290139180134976 	 0.3395558844826933
0.9441355609689557 	 0.34400046635210124
0.9595033402645035 	 0.3484867493080665
0.9751212622834492 	 0.35301462288199104
0.9909933986213588 	 0.35758395808143695
1.0071238871475279 	 0.36219460690222316
1.0235169330837208 	 0.36684640183914397
1.0401768101004756 	 0.37153915539584886
1.057107861431246 	 0.3762726595944442
1.0743145010046895 	 0.38104668548541604
1.0918012145953775 	 0.38586098265849317
1.109572560993233 	 0.39071527875511286
1.1276331731920148 	 0.39560927898317677
1.1459877595971382 	 0.4005426656348158
1.1646411052531516 	 0.4055150976079217
1.1835980730912075 	 0.410526209932236
1.2028636051968236 	 0.4155756133008093
1.222442724098289 	 0.4206628936076985
1.2423405340760327 	 0.42578761149278455
1.2625622224933184 	 0.4309493018946417
1.2831130611485873 	 0.4361474736124145
1.3039984076498135 	 0.4413816088777012
1.325223706811241 	 0.44665116293747203
1.3467944920728436 	 0.4519555636490897
1.368716386942891 	 0.45729421108852536
1.3909951064640063 	 0.46266647717291304
1.4136364587030719 	 0.4680717052986003
1.4366463462653984 	 0.4735092099959015
1.4600307678335294 	 0.4789782766017819
1.483795819731106 	 0.48447816095174295
1.5079476975121775 	 0.4900080890921942
1.5324926975763775 	 0.49556725701464155
1.557437218810407 	 0.5011548304130455
1.58278776425622 	 0.5067699444657215
1.6085509428063636 	 0.5124117036431894
1.6347334709269268 	 0.5180791815433977
1.6613421744085193 	 0.5237714207557728
1.6883839901457582 	 0.5294874327555517
1.7158659679457127 	 0.5352261978298889
1.7437952723657992 	 0.5409866650372328
1.772179184581579 	 0.5467677522014698
1.8010251042849565 	 0.5525683459423651
1.8303405516132902 	 0.5583873017438106
1.8601331691098901 	 0.5642234440614005
1.8904107237164247 	 0.5700755664708591
1.9211811087977744 	 0.5759424318588258
1.9524523461998267 	 0.5818227726574988
1.984232588340777 	 0.5877152911246261
2.0165301203364576 	 0.5936186596702986
2.049353362160281 	 0.5995315212319982
2.082710870838323 	 0.6054524896992969
2.1166113426801347 	 0.6113801503895822
2.151063615545886 	 0.6173130605761455
2.1860766711503885 	 0.623249750069906
2.221659637404627 	 0.6291887218560056
2.2578217907954192 	 0.6351284527864414
2.2945725588037895 	 0.641067394329831
2.331921522362719 	 0.6470039733793416
2.3698784183548898 	 0.6529365931197262
2.4084531421511026 	 0.658863633954323
2.4476557501899983 	 0.6647834544927737
2.4874964625997658 	 0.6706943926001216
2.527985665862544 	 0.6765947665078303
2.569133915522175 	 0.6824828759871486
2.610951938936028 	 0.6883570035851153
2.65345063807164 	 0.6942154159233704
2.6966410923488473 	 0.7000563650597855
2.7405345615282033 	 0.7058780899127817
2.7851424886463843 	 0.7116788177480362
2.830476502999412 	 0.7174567657271254
2.8765484231744027 	 0.7232101425174545
2.9233702601306675 	 0.7289371499626596
2.97095422033099 	 0.734635984812471
3.019312708923845 	 0.7403048405108232
3.0684583329774124 	 0.7459419090407966
3.118403904766263 	 0.7515453828247679
3.169162445111507 	 0.7571134566779177
3.2207471867753332 	 0.7626443298130309
3.273171577910779 	 0.7681362078942863
3.3264492855676844 	 0.7735873051375097
3.380594199255689 	 0.7789958464541159
3.435620434565217 	 0.784360069635726
3.4915423368474343 	 0.789678227576215
3.548374484954077 	 0.794948590527678
3.6061316950381492 	 0.800169448386575
3.6648290244165183 	 0.805339113006063
3.724481775495346 	 0.8104559205302724
3.7851054997594384 	 0.8155182337460523
3.846716001826503 	 0.8205244444474644
3.9093293435674417 	 0.8254729758080728
3.9729618482936697 	 0.8303622847558448
4.037630105012597 	 0.835190864345263
4.103350972752408 	 0.8399572461210326
4.170141584957199 	 0.8446600024675623
4.238019353953678 	 0.8492977489382159
4.307001975490547 	 0.8538691465581416
4.377107433351807 	 0.8583729040943363
4.448354004045132 	 0.8628077802864448
4.520760261566535 	 0.867172586031668
4.594345082242643 	 0.8714661865170519
4.669127649651749 	 0.875687503292328
4.745127459624956 	 0.8798355162764192
4.822364325328776 	 0.8839092656906853
4.900858382430405 	 0.8879078539119541
4.9806300943471085 	 0.8918304472384118
5.061700257581015 	 0.895676277561448
5.144090007140804 	 0.8994446439366418
5.2278208220515845 	 0.9031349140471512
5.312914530954473 	 0.9067465255529212
5.399393317797354 	 0.9102789873192836
5.487279727618219 	 0.9137318805187176
5.576596672422656 	 0.9171048595997847
5.667367437157039 	 0.9203976531175125
5.7596156857789 	 0.9236100644198142
5.853365467426136 	 0.9267419721848666
5.948641222686607 	 0.9297933308047531
6.045467789969831 	 0.9327641706110861
6.14387041198235 	 0.935654597938773
6.243874742308486 	 0.938464795024573
6.345506852098277 	 0.941195019737607
6.4487932368642085 	 0.9438456051395305
6.553760823388586 	 0.9464169588726565
6.660436976743385 	 0.9489095623749249
6.768849507424308 	 0.9513239699212434
6.879026678601003 	 0.9536608074913878
6.990997213485242 	 0.9559207714653215
7.1047903028191195 	 0.9581046271474976
7.220435612485058 	 0.9602132071224129
7.33796329123969 	 0.9622474094444099
7.45740397857369 	 0.9642081956654539
7.578788812699471 	 0.9660965887053458
7.702149438668903 	 0.9679136705695651
7.827518016623233 	 0.9696605799206705
7.954927230177202 	 0.9713385095099004
8.084410294939694 	 0.972948703476324
8.216000967173013 	 0.9744924545215784
8.349733552593205 	 0.9759711009688913
8.485642915313534 	 0.9773860237157169
8.62376448693354 	 0.9787386430899151
8.764134275776113 	 0.9800304156199626
8.906788876274856 	 0.9812628307301976
9.051765478514216 	 0.9824374073725679
9.19910187792502 	 0.9835556906067657
9.348836485137701 	 0.9846192481409868
9.501008335995985 	 0.9856296668458447
9.655657101733501 	 0.9865885492542031
9.81282309931614 	 0.9874975100598442
9.972547301952662 	 0.9883581726279842
10.134871349776393 	 0.989172165530658
10.299837560700912 	 0.9899411191199373
10.467488941452219 	 0.9906666621518054
10.63786919878065 	 0.9913504184732989
10.811022750855312 	 0.9919940037852308
10.986994738843766 	 0.9925990224924405
11.165831038680412 	 0.9931670646530675
11.347578273026425 	 0.993699703037828
11.53228382342415 	 0.9941984903096774
11.719995842649547 	 0.9946649563335855
11.910763267265715 	 0.9951006056254228
12.104635830380502 	 0.9955069149481769
12.301664074612024 	 0.9958853310628758
12.5018993652652 	 0.9962372686407115
12.705393903722559 	 0.9965641083419263
12.912200741053214 	 0.9968671950660659
13.122373791843376 	 0.9971478363772046
13.335967848251737 	 0.997407301106746
13.553038594293874 	 0.9976468181353739
13.773642620359164 	 0.9978675753547042
13.997837437963726 	 0.9980707188081671
14.225681494743904 	 0.9982573520096417
14.45723418969338 	 0.9984285354373759
14.692555888648588 	 0.9985852861997707
14.931707940026188 	 0.9987285778686882
15.17475269081644 	 0.9988593404750657
15.421753502837163 	 0.9989784606608051
15.672774769252262 	 0.9990867819801338
15.927881931358865 	 0.999185105342949
16.187141495647957 	 0.9992741895920216
16.45062105114276 	 0.9993547522053917
16.71838928701899 	 0.9994274701148126
16.990516010512238 	 0.999492980630716
17.267072165116847 	 0.9995518824638594
17.54812984908068 	 0.9996047368336041
17.833762334201253 	 0.9996520686526332
18.12404408492782 	 0.9996943677778736
18.419050777774007 	 0.999732090317415
18.718859321047002 	 0.9997656599833409
19.023547874897307 	 0.9997954694805703
19.3331958716952 	 0.9998218819220788
19.6478840367389 	 0.999845232261198
19.967694409299444 	 0.99986582873209
20.29271036400844 	 0.9998839542899378
20.623016632593984 	 0.999899868042905
20.958699325970002 	 0.9999138066684476
21.299845956685488 	 0.9999259858071495
21.646545461739183 	 0.9999366014278536
21.998888225765214 	 0.999945831158487
22.356966104596516 	 0.9999538355776191
22.72087244921179 	 0.9999607594624292
23.09070213007187 	 0.99996673298941
23.466551561852594 	 0.9999718728847545
23.84851872858028 	 0.9999762835220043
24.236703209175893 	 0.9999800579651191
24.63120620341544 	 0.9999832789557097
25.03213055831291 	 0.9999860198437078
25.43958079493218 	 0.9999883454612535
25.85366313563606 	 0.9999903129400448
26.27448553177816 	 0.9999919724728237
26.702157691845947 	 0.9999933680200479
27.13679111006196 	 0.999994537963145
27.578499095450038 	 0.999995515706033
28.027396801375183 	 0.9999963302268466
28.483601255564224 	 0.9999970065820142
28.94723139061463 	 0.9999975663649927
29.41840807500044 	 0.9999980281220991
29.897254144582877 	 0.9999984077279577
30.383894434633334 	 0.999998718723136
30.878455812378103 	 0.9999989726165629
31.381067210072917 	 0.9999991791553098
31.891859658615207 	 0.9999993465642777
32.410966321704095 	 0.9999994817582767
32.93852253055639 	 0.9999995905289011
33.47466581918705 	 0.99999967770851
34.01953596026456 	 0.9999997473135106
34.57327500154989 	 0.9999998026690271
35.136027302927864 	 0.999999846516905
35.70793957404242 	 0.999999881108873
36.289160912543316 	 0.9999999082865502
36.87984284295616 	 0.9999999295498503
37.480139356185056 	 0.9999999461152028
38.090206949657684 	 0.999999958964883
38.7102046681244 	 0.9999999688886149
39.34029414512146 	 0.9999999765184954
39.98063964510849 	 0.9999999823581737
40.63140810629244 	 0.9999999868071132
41.292769184148725 	 0.999999990180669
41.96489529564989 	 0.9999999927266197
42.64796166421503 	 0.9999999946387131
43.34214636539083 	 0.9999999960677093
44.047630373275375 	 0.9999999971303369
44.76459760769838 	 0.9999999979165204
45.49323498216941 	 0.9999999984951805
46.233732452605764 	 0.9999999989188659
46.98628306685423 	 0.9999999992274312
47.75108301501903 	 0.9999999994509406
48.52833168060792 	 0.9999999996119504
49.31823169251235 	 0.9999999997272896
50.12098897783209 	 0.9999999998094439
50.93681281556081 	 0.9999999998676238
51.76591589114549 	 0.9999999999085841
52.60851435193286 	 0.9999999999372496
53.46482786351946 	 0.9999999999571894
54.335079667018775 	 0.9999999999709743
55.219496637259624 	 0.9999999999804445
56.11830934193276 	 0.9999999999869094
57.0317521017003 	 0.9999999999912941
57.96006305128246 	 0.9999999999942484
58.90348420153969 	 0.9999999999962258
59.86226150256529 	 0.9999999999975402
60.83664490780396 	 0.999999999998408
61.82688843921504 	 0.9999999999989769
62.833250253496516 	 0.9999999999993473
63.85599270938558 	 0.9999999999995866
64.8953824360567 	 0.9999999999997401
65.95169040263096 	 0.9999999999998378
67.0251919888181 	 0.9999999999998996
68.1161670567086 	 0.9999999999999383
69.22490002373286 	 0.9999999999999624
70.35167993680935 	 0.9999999999999772
71.49680054769959 	 0.9999999999999863
72.6605603895885 	 0.9999999999999919
73.8432628549124 	 0.9999999999999952
75.04521627445402 	 0.9999999999999972
76.26673399772348 	 0.9999999999999983
77.50813447464898 	 0.9999999999999991
78.7697413385973 	 0.9999999999999994
80.05188349074406 	 0.9999999999999997
81.35489518581889 	 0.9999999999999998
82.67911611924613 	 0.9999999999999999
84.02489151570258 	        1.0
85.39257221911805 	        1.0
86.78251478414104 	        1.0
88.19508156909139 	        1.0
89.63064083042853 	        1.0
91.08956681875482 	        1.0
92.57223987638326 	        1.0
94.07904653649342 	        1.0
95.61037962389953 	        1.0
97.16663835746061 	        1.0
98.7482284541575 	        1.0
100.35556223486213 	        1.0
101.98905873183031 	        1.0
103.6491437979441 	        1.0
105.33625021773055 	        1.0
107.0508178201893 	        1.0
108.79329359345674 	        1.0
110.56413180133465 	        1.0
112.36379410171753 	        1.0
114.19274966694749 	        1.0
116.05147530612633 	        1.0
117.94045558942041 	        1.0
119.86018297438889 	        1.0
121.8111579343659 	        1.0
123.79388908893588 	        1.0
125.80889333652928 	        1.0
127.85669598917859 	        1.0
129.93783090946826 	        1.0
132.05284064971116 	        1.0
134.2022765933929 	        1.0
136.3866990989183 	        1.0
138.60667764569556 	        1.0
140.86279098260025 	        1.0
143.15562727885623 	        1.0
145.48578427736976 	        1.0
147.85386945056203 	        1.0
150.2605001587383 	        1.0
152.70630381103203 	        1.0
155.1919180289715 	        1.0
157.71799081270868 	        1.0
160.2851807099514 	        1.0
162.89415698764756 	        1.0
165.5455998064643 	        1.0
168.2402003981036 	        1.0
170.97866124550936 	        1.0
173.76169626600233 	        1.0
176.59003099739962 	        1.0
179.4644027871636 	        1.0
182.3855609846264 	        1.0
185.3542671363465 	        1.0
188.3712951846452 	        1.0
191.43743166937134 	        1.0
194.5534759329535 	        1.0
197.72024032878986 	        1.0
200.9385504330267 	        1.0
204.20924525978728 	        1.0
207.5331774799043 	        1.0
210.91121364320904 	        1.0
214.344234404442 	        1.0
217.8331347528414 	        1.0
221.37882424546424 	        1.0
224.98222724430946 	        1.0
228.64428315730058 	        1.0
232.3659466831864 	        1.0
236.14818806043485 	        1.0
239.9919933201711 	        1.0
243.89836454323745 	        1.0
247.86832012143753 	        1.0
251.90289502302832 	        1.0
256.00314106253796 	        1.0
260.1701271749758 	        1.0
264.40493969450057 	        1.0
268.70868263762975 	        1.0
273.0824779910584 	        1.0
277.5274660041581 	        1.0
282.0448054862417 	        1.0
286.63567410866733 	        1.0
291.3012687118534 	        1.0
296.0428056172976 	        1.0
300.86152094467343 	        1.0
305.75867093408294 	        1.0
310.73553227356365 	        1.0
315.7934024319169 	        1.0
320.9335999969603 	        1.0
326.1574650192856 	        1.0
331.4663593616065 	        1.0
336.86166705379827 	        1.0
342.34479465371675 	        1.0
347.9171716138843 	        1.0
353.5802506541503 	        1.0
359.33550814041763 	        1.0
365.1844444695275 	        1.0
371.12858446041497 	        1.0
377.1694777516323 	        1.0
383.30869920533524 	        1.0
389.54784931785224 	        1.0
395.8885546369365 	        1.0
402.33246818580267 	        1.0
408.8812698940727 	        1.0
415.5366670357364 	        1.0
422.30039467423205 	        1.0
429.1742161147849 	        1.0
436.1599233640948 	        1.0
443.2593375975159 	        1.0
450.4743096338396 	        1.0
457.8067204177982 	        1.0
465.2584815104303 	        1.0
472.83153558742794 	        1.0
480.5278569455872 	        1.0
488.34945201751003 	        1.0
496.2983598946851 	        1.0
504.3766528590735 	        1.0
512.5864369233554 	        1.0
520.9298523799722 	        1.0
529.4090743590937 	        1.0
538.0263133956793 	        1.0
546.7838160057673 	        1.0
555.6838652721362 	        1.0
564.7287814395079 	        1.0
573.9209225194389 	        1.0
583.2626849050476 	        1.0
592.7565039957627 	        1.0
602.4048548322243 	        1.0
612.2102527415315 	        1.0
622.1752539929919 	        1.0
632.3024564645348 	        1.0
642.5945003199813 	        1.0
653.0540686973402 	        1.0
663.6838884082947 	        1.0
674.4867306490863 	        1.0
685.4654117229711 	        1.0
696.6227937744216 	        1.0
707.9617855352927 	        1.0
719.4853430831339 	        1.0
731.1964706118292 	        1.0
743.0982212147968 	        1.0
755.1936976809346 	        1.0
767.48605330351 	        1.0
779.9784927022272 	        1.0
792.6742726586785 	        1.0
805.5767029653761 	        1.0
818.6891472886281 	        1.0
832.0150240454367 	        1.0
845.5578072946843 	        1.0
859.3210276428268 	        1.0
873.3082731643133 	        1.0
887.5231903370026 	        1.0
901.9694849928067 	        1.0
916.6509232837906 	        1.0
931.5713326640149 	        1.0
946.734602887359 	        1.0
962.1446870215698 	        1.0
977.8056024788328 	        1.0
993.7214320631185 	        1.0
1009.8963250345578 	        1.0
1026.3344981911616 	        1.0
1043.0402369681465 	        1.0
1060.017896555135 	        1.0
1077.2719030315702 	        1.0
1094.8067545205815 	        1.0
1112.627022361652 	        1.0
1130.7373523023753 	        1.0
1149.1424657095881 	        1.0
1167.8471608002394 	        1.0
1186.8563138922937 	        1.0
1206.1748806759729 	        1.0
1225.8078975057144 	        1.0
1245.7604827131556 	        1.0
1266.0378379414708 	        1.0
1286.6452495014464 	        1.0
1307.5880897496327 	        1.0
1328.8718184889015 	        1.0
1350.5019843918262 	        1.0
1372.4842264472302 	        1.0
1394.824275430256 	        1.0
1417.5279553963876 	        1.0
1440.6011851997912 	        1.0
1464.0499800363427 	        1.0
1487.880453011813 	        1.0
1512.0988167355351 	        1.0
1536.7113849400425 	        1.0
1561.7245741270688 	        1.0
1587.1449052403134 	        1.0
1612.9790053654613 	        1.0
1639.2336094578764 	        1.0
1665.9155620983859 	        1.0
1693.031819277673 	        1.0
1720.589450209717 	        1.0
1748.5956391747166 	        1.0
1777.0576873920447 	        1.0
1805.9830149236886 	        1.0
1835.379162608639 	        1.0
1865.2537940288007 	        1.0
1895.6146975069 	        1.0
1926.4697881368804 	        1.0
1957.82710984738 	        1.0
1989.6948374987971 	        1.0
2022.0812790144512 	        1.0
2054.994877546492 	        1.0
2088.4442136770012 	        1.0
2122.4380076549674 	        1.0
2156.9851216696657 	        1.0
2192.0945621610103 	        1.0
2227.7754821675458 	        1.0
2264.0371837126604 	        1.0
2300.8891202295986 	        1.0
2338.3408990259873 	        1.0
2376.402283788475 	        1.0
2415.083197128101 	        1.0
2454.393723167135 	        1.0
2494.3441101680255 	        1.0
2534.944773205094 	        1.0
2576.2062968797613 	        1.0
2618.139438079972 	        1.0
2660.7551287844854 	        1.0
2704.06447891286 	        1.0
2748.0787792218307 	        1.0
2792.8095042487694 	        1.0
2838.268315303146 	        1.0
2884.4670635065963 	        1.0
2931.4177928825243 	        1.0
2979.132743496004 	        1.0
3027.624354644728 	        1.0
3076.905268101956 	        1.0
3126.988331412244 	        1.0
3177.886601240765 	        1.0
3229.613346777203 	        1.0
3282.1820531950543 	        1.0
3335.6064251671755 	        1.0
3389.9003904386122 	        1.0
3445.078103457589 	        1.0
3501.153949065532 	        1.0
3558.1425462472243 	        1.0
3616.058751941999 	        1.0
3674.9176649169012 	        1.0
3734.7346297029635 	        1.0
3795.5252405955507 	        1.0
3857.305345719742 	        1.0
3920.091051162004 	        1.0
3983.8987251689937 	        1.0
4048.7450024147893 	        1.0
4114.646788337576 	        1.0
4181.621263546851 	        1.0
4249.685888302434 	        1.0
4318.8584070663865 	        1.0
4389.156853128948 	        1.0
4460.5995533098385 	        1.0
4533.2051327361 	        1.0
4606.992519697608 	        1.0
4681.980950581715 	        1.0
4758.189974888203 	        1.0
4835.639460325792 	        1.0
4914.349597991677 	        1.0
4994.340907635386 	        1.0
5075.634243008213 	        1.0
5158.250797299875 	        1.0
5242.212108663508 	        1.0
5327.540065830703 	        1.0
5414.256913817929 	        1.0
5502.385259725756 	        1.0
5591.948078632559 	        1.0
5682.96871958416 	        1.0
5775.470911680861 	        1.0
5869.47877026366 	        1.0
5965.016803201165 	        1.0
6062.10991727872 	        1.0
6160.783424691655 	        1.0
6261.063049644209 	        1.0
6362.9749350557695 	        1.0
6466.545649376368 	        1.0
6571.802193513121 	        1.0
6678.772007869296 	        1.0
6787.482979498069 	        1.0
6897.9634493727235 	        1.0
7010.242219775054 	        1.0
7124.34856180424 	        1.0
7240.312223007726 	        1.0
7358.163435136459 	        1.0
7477.9329220263535 	        1.0
7599.651907607914 	        1.0
7723.352124046367 	        1.0
7849.065820014286 	        1.0
7976.825769098739 	        1.0
8106.665278345411 	        1.0
8238.618196941808 	        1.0
8372.718925041654 	        1.0
8509.002422733061 	        1.0
8647.504219152688 	        1.0
8788.260421748086 	        1.0
8931.307725690971 	        1.0
9076.683423443725 	        1.0
9224.425414481424 	        1.0
9374.57221517231 	        1.0
9527.162968819062 	        1.0
9682.237455863335 	        1.0
9839.836104256683 	        1.0
   10000.0 	        1.0
