#scaled time 	 tcdf 
0.004461760827461162 	 0.0016205127947207017
0.0045275487662056295 	 0.0016443873363262407
0.0045943067374219475 	 0.0016686133205621036
0.0046620490440813555 	 0.0016931959120700768
0.004730790200050102 	 0.0017181403511298112
0.004800544933199015 	 0.0017434519547588289
0.004871328188559005 	 0.0017691361178283347
0.004943155131523018 	 0.001795198314194992
0.005016041151095274 	 0.0018216440978489296
0.005090001863188342 	 0.0018484791040781555
0.005165053113968901 	 0.0018757090506496554
0.005241210983252783 	 0.0019033397390073863
0.005318491787950077 	 0.0019313770554873638
0.005396912085561085 	 0.0019598269725501576
0.005476488677723736 	 0.0019886955500309483
0.005557238613813407 	 0.0020179889364074777
0.005639179194595722 	 0.0020477133700860235
0.005722327975933306 	 0.0020778751807057814
0.005806702772547106 	 0.0021084807904618
0.005892321661833257 	 0.002139536715446773
0.005979202987736144 	 0.0021710495670119383
0.006067365364678647 	 0.0022030260531473397
0.006156827681550289 	 0.002235472979881736
0.006247609105754184 	 0.0022683972527023873
0.006339729087313717 	 0.0023018058779950335
0.00643320736303968 	 0.0023357059645043054
0.0065280639607589635 	 0.002370104724814878
0.006624319203605487 	 0.0024050094768536096
0.006721993714374496 	 0.0024404276454129954
0.006821108419941005 	 0.002476366763696182
0.00692168455574338 	 0.0025128344748838703
0.007023743670333106 	 0.002549838533723375
0.007127307629991528 	 0.002587386808140163
0.007232398623414791 	 0.0026254872808721586
0.00733903916646773 	 0.0026641480511271198
0.007447252107007978 	 0.0027033773362634193
0.00755706062978109 	 0.0027431834734944955
0.007668488261387959 	 0.0027835749216173714
0.007781558875325356 	 0.0028245602627654455
0.007896296697100907 	 0.002866148204186041
0.008012726309423415 	 0.0029083475800428483
0.008130872657469704 	 0.002951167353243761
0.008250761054229219 	 0.0029946166172943713
0.008372417185927282 	 0.0030387045981774266
0.008495867117528472 	 0.0030834406562586882
0.008621137298321006 	 0.003128834288219446
0.00874825456758359 	 0.003174895129016117
0.008877246160335701 	 0.003221632953867207
0.009008139713172797 	 0.003269057680268079
0.009140963270187402 	 0.0033171793700338304
0.009275745288977663 	 0.003366008231370659
0.009412514646744386 	 0.0034155546209761337
0.00955130064647799 	 0.003465829046168662
0.00969213302323676 	 0.0035168421670466517
0.009835041950517551 	 0.003568604798677601
0.00998005804672057 	 0.003621127913317668
0.010127212381709315 	 0.0036744226426619906
0.01027653648346742 	 0.003728500280126203
0.010428062344853488 	 0.0037833722831595498
0.010581822430455634 	 0.0038390502755900114
0.010737849683547056 	 0.0038955460500017967
0.010896177533144156 	 0.003952871570145714
0.011056839901168772 	 0.004011038973382728
0.011219871209715938 	 0.0040700605731612115
0.011385306388428922 	 0.004129948861528282
0.011553180881982893 	 0.004190716511675653
0.011723530657678997 	 0.004252376380520427
0.011896392213150399 	 0.004314941511321327
0.012071802584181933 	 0.004378425136330708
0.01224979935264507 	 0.004442840679482905
0.012430420654549862 	 0.004508201759119289
0.012613705188215661 	 0.004574522190750545
0.01279969222256221 	 0.004641815989856549
0.01298842160552314 	 0.004710097374724475
0.013179933772583365 	 0.004779380769325369
0.013374269755442463 	 0.004849680806229859
0.013571471190805758 	 0.004921012329563396
0.013771580329305035 	 0.004993390398001526
0.013974640044550776 	 0.005066830287805614
0.014180693842317885 	 0.005141347495899665
0.014389785869866879 	 0.005216957742988556
0.014601960925402405 	 0.0052936769767182885
0.014817264467671428 	 0.005371521374878751
0.015035742625702687 	 0.00545050734864944
0.015257442208690018 	 0.005530651545888765
0.01548241071602118 	 0.005611970854467283
0.015710696347454704 	 0.005694482405645549
0.015942348013446725 	 0.005778203577497005
0.01617741534563011 	 0.005863151998376468
0.016415948707448114 	 0.00594934555043474
0.016657999204944738 	 0.0060368023731798195
0.01690361869771436 	 0.006125540867085413
0.017152859810012584 	 0.0062155796972470385
0.017405775942031187 	 0.006306937797086545
0.017662421281339054 	 0.006399634372105362
0.01792285081449199 	 0.006493688903687076
0.018187120338813624 	 0.006589121152950108
0.018455286474350074 	 0.006685951164650656
0.018727406676000834 	 0.006784199271136864
0.01900353924582855 	 0.006883886096354446
0.019283743345550348 	 0.006985032559904606
0.019568079009213205 	 0.007087659881154572
0.01985660715605643 	 0.007191789583401559
0.020149389603563588 	 0.007297443498090495
0.02044648908070701 	 0.007404643769086326
0.020747969241387526 	 0.007513412857001203
0.021053894678072407 	 0.0076237735435774326
0.021364330935634356 	 0.007735748936126545
0.02167934452539457 	 0.00784936247202511
0.021999002939372923 	 0.007964637923267993
0.022323374664748073 	 0.00808159940107948
0.022652529198531102 	 0.00820027136058302
0.022986537062455136 	 0.008320678605529985
0.023325469818084886 	 0.008442846293088224
0.023669400082148667 	 0.008566799938690924
0.024018401542096668 	 0.008692565420946263
0.024372548971888567 	 0.008820168986608649
0.024731918248013914 	 0.008949637255611957
0.025096586365748828 	 0.009080997226165496
0.025466631455652183 	 0.009214276279913088
0.02584213280030535 	 0.009349502187156196
0.02622317085129839 	 0.009486703112141207
0.02660982724646708 	 0.009625907618411974
0.027002184827383768 	 0.009767144674227724
0.027400327657106354 	 0.009910443658047361
0.027804341038188872 	 0.01005583436408028
0.028214311530957645 	 0.010203347007904652
0.028630326972057005 	 0.010353012232153617
0.02905247649326824 	 0.010504861112269821
0.029480850540606392 	 0.010658925162329094
0.029915540893698186 	 0.010815236340933659
0.03035664068544614 	 0.0109738270571755
0.03080424442198224 	 0.011134730176670419
0.03125844800291605 	 0.011297979027663368
0.031719348741881294 	 0.01146360740720545
0.03218704538738544 	 0.011631649587403432
0.03266163814396664 	 0.011802140321741872
0.033143228693662666 	 0.01197511485147872
0.03363192021779652 	 0.01215060891211481
0.034127817419082905 	 0.012328658739937583
0.03463102654406119 	 0.012509301078639836
0.035141655405858604 	 0.012692573186013625
0.03565981340728949 	 0.012878512840720153
0.0361856115642949 	 0.013067158349135837
0.03671916252972789 	 0.013258548552275004
0.037260580617489575 	 0.013452722832789945
0.03780998182702091 	 0.013649721122048345
0.03836748386815588 	 0.013849583907288857
0.03893320618634071 	 0.014052352238854874
0.039507269988225485 	 0.014258067737507284
0.04008979826763249 	 0.014466772601816086
0.0406809158319081 	 0.014678509615631738
0.04128074932866265 	 0.014893322155636
0.041889427272904955 	 0.01511125419897321
0.042507080074576736 	 0.015332350330961645
0.04313384006649313 	 0.01555665575288575
0.04376984153269521 	 0.015784216289869143
0.04441522073722028 	 0.016015078398828795
0.0450701159532969 	 0.016249289176510612
0.04573466749296983 	 0.016486896367606387
0.04640901773716216 	 0.016727948372952453
0.047093311166180575 	 0.0169724942578102
0.04778769439067042 	 0.01722058376022838
0.048492316183027184 	 0.017472267299487344
0.04920732750927117 	 0.017727595984625217
0.049932881561392126 	 0.01798662162304625
0.050669133790170795 	 0.018249396729210877
0.05141624193848449 	 0.018515974533407763
0.05217436607510358 	 0.018786408990607614
0.052943668628986466 	 0.019060754789398646
0.053724314424080155 	 0.01933906736100349
0.05451647071463399 	 0.019621402888377378
0.05532030722103405 	 0.019907818315387273
0.056135996166165957 	 0.020198371356071707
0.05696371231231379 	 0.02049312050398096
0.057803632998603145 	 0.020792125041597175
0.05865593817899616 	 0.021095445049833884
0.05952081046084705 	 0.02140314141761472
0.060398435144025674 	 0.021715275851530366
0.06128900026061845 	 0.02203191088557348
0.062192696615214337 	 0.02235310989095078
0.06310971782578498 	 0.02267893708597154
0.06404026036516758 	 0.023009457546011924
0.06498452360315941 	 0.023344737213553964
0.065942709849233 	 0.023684842908298656
0.06691502439588119 	 0.024029842337351906
0.06790167556260138 	 0.024379804105482527
0.06890287474052799 	 0.024734797725450855
0.06991883643772347 	 0.025094893628407226
0.07094977832513678 	 0.02546016317435857
0.07199592128323967 	 0.025830678662702174
0.07305748944935059 	 0.026206513342824984
0.07413471026565631 	 0.026587741424766834
0.07522781452794176 	 0.026974438089946432
0.07633703643503818 	 0.02736667950194772
0.07746261363900055 	 0.02776454281736558
0.07860478729602485 	 0.028168106196708394
0.07976380211811596 	 0.028577448815355764
0.08093990642551753 	 0.028992650874569342
0.08213335219991486 	 0.02941379361255435
0.0833443951384223 	 0.02984095931556972
0.08457329470836662 	 0.03027423132908432
0.08582031420287817 	 0.03071369406897671
0.08708572079730174 	 0.03115943303277588
0.08836978560643916 	 0.03161153481093994
0.0896727837426361 	 0.0320700870981704
0.09099499437472493 	 0.032535178704758194
0.09233670078783722 	 0.03300689956795906
0.09369819044409772 	 0.03348534076339441
0.09507975504421358 	 0.03397059451647459
0.09648169058997147 	 0.03446275421384054
0.09790429744765634 	 0.03496191441482065
0.09934788041240522 	 0.03546817086289814
0.10081274877350993 	 0.03598162049718571
0.10229921638068264 	 0.03650236146390248
0.10380760171129866 	 0.037030493127849375
0.10533822793863037 	 0.037566116083877894
0.10689142300108757 	 0.03810933216834781
0.10846751967247868 	 0.038660244470568726
0.11006685563330787 	 0.03921895734422019
0.1116897735431235 	 0.03978557641874548
0.11333662111393329 	 0.04036020861071266
0.1150077511847021 	 0.0409429621351382
0.1167035217969479 	 0.04153394651676615
0.11842429627145291 	 0.04213327260129762
0.1201704432861051 	 0.04274105256656322
0.12194233695488801 	 0.043357399933632614
0.12374035690803521 	 0.04398242957785372
0.12556488837336632 	 0.04461625773981473
0.12741632225882266 	 0.04525900203622159
0.1292950552362196 	 0.04591078147068277
0.131201489826234 	 0.046571716444394375
0.13313603448464478 	 0.04724192876671635
0.1350991036898449 	 0.047921541665632304
0.13709111803164406 	 0.048610679798083235
0.13911250430138022 	 0.04930946926016708
0.14116369558336042 	 0.05001803759719398
0.14324513134764938 	 0.05073651381358827
0.14535725754422657 	 0.05146502838262664
0.14750052669853156 	 0.052203713256002676
0.1496753980084179 	 0.052952701873206866
0.151882337442537 	 0.05371212917071141
0.1541218178401723 	 0.05448213159094825
0.15639431901254577 	 0.05526284709106907
0.15870032784561788 	 0.056054415151474864
0.1610403384044034 	 0.05685697678410286
0.16341485203882566 	 0.057670674540458426
0.16582437749113108 	 0.05849565251937825
0.1682694310048879 	 0.05933205637451167
0.1707505364355919 	 0.06018003332150615
0.17326822536290318 	 0.06103973214488241
0.17582303720453746 	 0.061911303204584926
0.17841551933183702 	 0.06279489844219197
0.18104622718704597 	 0.06369067138677019
0.18371572440231385 	 0.06459877716035733
0.1864245829204547 	 0.0655193724830566
0.18917338311748655 	 0.06645261567772598
0.19196271392697753 	 0.06739866667424468
0.19479317296622556 	 0.06835768701333901
0.19766536666429857 	 0.06932983984994931
0.20057991039196263 	 0.07031528995611884
0.20353742859352567 	 0.07131420372338533
0.20653855492062578 	 0.0723267491646552
0.2095839323679914 	 0.0733530959155401
0.2126742134112037 	 0.07439341523513446
0.2158100601464905 	 0.07544788000621287
0.2189921444325809 	 0.07651666473482507
0.22222114803465176 	 0.07759994554926547
0.22549776277039685 	 0.07869790019839486
0.22882269065824945 	 0.07981070804928958
0.23219664406779061 	 0.08093855008419396
0.23562034587237501 	 0.08208160889675155
0.23909452960400795 	 0.08324006868748926
0.2426199396105046 	 0.08441411525852724
0.24619733121496792 	 0.08560393600748946
0.24982747087761736 	 0.08680971992058584
0.2535111363600038 	 0.08803165756483884
0.2572491168916458 	 0.0892699410794253
0.2610422133391232 	 0.09052476416610417
0.26489123837766326 	 0.0917963220787002
0.2687970166652574 	 0.09308481161161253
0.27276038501934563 	 0.0943904310873174
0.27678219259610487 	 0.09571338034283207
0.28086330107238194 	 0.09705386071510758
0.2850045848303088 	 0.09841207502531758
0.28920693114464024 	 0.09978822756200731
0.2934712403728527 	 0.10118252406306993
0.2977984261480479 	 0.10259517169651337
0.30218941557469886 	 0.10402637903998152
0.30664514942728366 	 0.1054763560589935
0.3111665823518471 	 0.10694531408386278
0.3157546830705353 	 0.10843346578525836
0.32041043458914464 	 0.10994102514836761
0.32513483440773244 	 0.11146820744562265
0.3299288947343324 	 0.11301522920794943
0.3347936427018212 	 0.11458230819449716
0.3397301205879831 	 0.11616966336080778
0.3447393860388189 	 0.11777751482538203
0.3498225122951479 	 0.11940608383459851
0.3549805884225508 	 0.12105559272594371
0.3602147195447041 	 0.12272626488950578
0.3655260270801526 	 0.12441832472768889
0.3709156489825758 	 0.12613199761310093
0.3763847399845953 	 0.12786750984456932
0.38193447184517776 	 0.12962508860123634
0.3875660336006853 	 0.13140496189468717
0.3932806318196283 	 0.13320735851906207
0.3990794908611737 	 0.13503250799910357
0.4049638531374656 	 0.13688064053608945
0.410934979379813 	 0.13875198695160068
0.4169941489088042 	 0.14064677862907557
0.42314265990840094 	 0.14256524745309637
0.42938182970407696 	 0.14450762574635972
0.43571299504505606 	 0.14647414620427723
0.44213751239071225 	 0.14846504182715384
0.44865675820119283 	 0.15048054584989246
0.4552721292323261 	 0.15252089166917082
0.461985042834879 	 0.15458631276803786
0.46879693725822386 	 0.1566770426378751
0.4757092719584883 	 0.15879331469767188
0.48272352791124146 	 0.16093536221055602
0.4898412079287988 	 0.16310341819753163
0.4970638369821972 	 0.16529771534836407
0.5043929625279254 	 0.16751848592956378
0.5118301548394666 	 0.16976596168941055
0.5193770073437302 	 0.17204037375996606
0.5270351369624483 	 0.17434195255602258
0.5348061844585996 	 0.1766709276709312
0.5426918147879481 	 0.17902752776925998
0.5506937174557587 	 0.18141198047622678
0.5588136068787782 	 0.18382451226385643
0.5670532227525488 	 0.18626534833380984
0.5754143304241415 	 0.1887347124968345
0.583898721270384 	 0.1912328270487868
0.5925082130816623 	 0.19375991264317544
0.6012446504513888 	 0.19631618816018043
0.6101099051712036 	 0.19890187057209743
0.6191058766320132 	 0.201517174805165
0.628234492230932 	 0.20416231359772616
0.6374977077842343 	 0.2068374973546857
0.6468975079463852 	 0.20954293399821716
0.6564359066352601 	 0.21227882881468327
0.6661149474636235 	 0.21504538429772938
0.6759367041769808 	 0.2178427999875159
0.6859032810978777 	 0.22067127230605432
0.6960168135767517 	 0.22353099438861432
0.7062794684494391 	 0.22642215591117726
0.7166934445014156 	 0.22934494291390353
0.7272609729388942 	 0.2322995376205956
0.7379843178668586 	 0.23528611825413132
0.7488657767741557 	 0.23830485884785357
0.7599076810257289 	 0.2413559290528999
0.7711123963621218 	 0.24443949394146272
0.7824823234063378 	 0.24755571380597252
0.7940198981781745 	 0.25070474395420017
0.8057275926161487 	 0.2538867345002829
0.8176079151071058 	 0.2571018301516742
0.8296634110236517 	 0.26035016999203586
0.841896663269494 	 0.26363188726007697
0.8543102928328395 	 0.26694710912437025
0.8669069593479374 	 0.2702959564541647
0.879689361664914 	 0.2736785435862287
0.8926602384280026 	 0.2770949780877602
0.9058223686622985 	 0.2805453605154059
0.9191785723691739 	 0.2840297841704428
0.9327317111304597 	 0.28754833485017267
0.9464846887215499 	 0.29110109059559985
0.9604404517335313 	 0.2946881214354552
0.9746019902045014 	 0.2983094891266526
0.9889723382601802 	 0.30196524689125676
1.0035545747639814 	 0.3056554391500609
1.0183518239766594 	 0.30938010125287524
1.0333672562256837 	 0.31313925920563807
1.048604088584491 	 0.3169329293944705
1.0640655855617391 	 0.32076111830680165
1.0797550598007404 	 0.32462382224970987
1.0956758727891902 	 0.3285210270656217
1.1118314355793786 	 0.3324527078455362
1.1282252095190028 	 0.33641882863993866
1.144860706992775 	 0.34041934216759084
1.161741492174944 	 0.3444541895223843
1.1788711817929332 	 0.34852329987846936
1.1962534459022238 	 0.35262659019386783
1.2138920086726661 	 0.3567639649128019
1.2317906491863944 	 0.3609353156669844
1.2499532022474902 	 0.3651405209761136
1.2683835592036041 	 0.36937944594785327
1.28708566877967 	 0.3736519419775661
1.3060635379239347 	 0.37795784644810426
1.3253212326664419 	 0.3822969824299578
1.3448628789901906 	 0.38666915838209215
1.3646926637151298 	 0.39107416785380084
1.3848148353951841 	 0.3955117891879341
1.405233705228522 	 0.3999817852258677
1.4259536479812223 	 0.40448390301458964
1.4469791029245849 	 0.409017873516309
1.468314574786239 	 0.41358341132099086
1.489964634715296 	 0.41818021436225455
1.5119339212617129 	 0.42280796363707174
1.5342271413701174 	 0.4274663229297293
1.5568490713882708 	 0.43215493854052806
1.5798045580904017 	 0.43687343901971276
1.603098519715644 	 0.4416214349071388
1.6267359470217624 	 0.44639851847819767
1.6507219043544406 	 0.45120426349654597
1.6750615307323107 	 0.45603822497418345
1.6997600409480063 	 0.46089993893946013
1.7248227266854241 	 0.46578892221359036
1.750254957653487 	 0.4707046721962817
1.776062182736602 	 0.4756466666610872
1.802249931162088 	 0.4806143635611152
1.8288238136848292 	 0.48560720084574505
1.8557895237893718 	 0.4906245962889947
1.8831528389097745 	 0.4956659473302244
1.9109196216674156 	 0.5007306309278521
1.9390958211270808 	 0.5058180034267797
1.967687474071542 	 0.5109274004402342
1.9967007062949609 	 0.5160581367467457
2.0261417339153307 	 0.5212095062029826
2.0560168647063013 	 0.5263807816731901
2.0863324994486203 	 0.5315712149759628
2.1170951333015022 	 0.5367800368491129
2.1483113571942365 	 0.542006456933385
2.1799878592382873 	 0.5472496637757771
2.212131426160244 	 0.5525088248532343
2.244748944755868 	 0.557783086617478
2.277847403365616 	 0.5630715745617365
2.3114338933718797 	 0.5683733933101395
2.345515610718339 	 0.5736876267305424
2.3800998574516954 	 0.5790133380715299
2.4151940432861356 	 0.5843495701243479
2.4508056871908885 	 0.589695345410515
2.4869424190011533 	 0.5950496663958292
2.523611981052819 	 0.6004115157314982
2.5608222298412504 	 0.6057798565230861
2.5985811377045707 	 0.6111536326279736
2.636896794531724 	 0.6165317689819813
2.6757774094957605 	 0.6219131719558157
2.7152313128126524 	 0.6272967297419394
2.755266957526048 	 0.6326813127724686
2.7958929213183596 	 0.6380657741686536
2.8371179083485245 	 0.6434489502224641
2.8789507511168995 	 0.648829660910782
2.9214004123576145 	 0.6542067104426387
2.964475986958869 	 0.659578887839921
3.008186703911501 	 0.664944967551897
3.0525419282863275 	 0.6703037101038892
3.097551163240615 	 0.6756538627803501
3.1432240520541295 	 0.6809941603425489
3.189570380195245 	 0.6863233257810382
3.2366000774174633 	 0.6916400711029569
3.2843232198869035 	 0.6969430981542265
3.332750032341102 	 0.7022310994765748
3.3818908902797054 	 0.707502759199284
3.4317563221874026 	 0.7127567539654629
3.482357011789693 	 0.7179917538925833
3.5337038003418595 	 0.7232064235669196
3.5858076889517445 	 0.7283994230714705
3.6386798409367374 	 0.7335694090468259
3.69233158421552 	 0.738715035784371
3.74677441373511 	 0.7438349563511284
3.8020199939336354 	 0.7489278237454173
3.8580801612394864 	 0.7539922920824456
3.9149669266072515 	 0.7590270178088164
3.9726924780911106 	 0.7640306609448527
4.0312691834561045 	 0.7690018863535156
4.090709592827976 	 0.7739393650346084
4.151026441382031 	 0.7788417754428238
4.212232652071657 	 0.7837078048281029
4.274341338397106 	 0.7885361505966508
4.337365807215042 	 0.7933255216908457
4.40131956158959 	 0.7980746399861668
4.466216303685344 	 0.8027822417031496
4.532069937703105 	 0.8074470788322745
4.5988945728588435 	 0.8120679205695692
4.666704526406637 	 0.8166435547606135
4.7355143267061495 	 0.821172789350509
4.805338716335337 	 0.8256544538372825
4.87619265524909 	 0.8300874007260883
4.948091323984386 	 0.834470506981461
5.021050126912774 	 0.8388026754747969
5.09508469554074 	 0.8430828364241251
5.170210891858812 	 0.847309948823163
5.246444811739975 	 0.8514830018565538
5.323802788388262 	 0.8556010162981177
5.402301395838144 	 0.8596630458888713
5.481957452505527 	 0.8636681786915145
5.5627880247911445 	 0.8676155384180227
5.644810430737019 	 0.8715042857269413
5.728042243736909 	 0.8753336194869379
5.812501296301392 	 0.879102778003142
5.898205683878533 	 0.8828110402027853
5.985173768730825 	 0.8864577267766426
6.073424183869356 	 0.8900422012727861
6.162975837045917 	 0.8935638711391735
6.253847914804044 	 0.8970221887116234
6.34605988658974 	 0.9004166521437699
6.439631508922812 	 0.9037468062756403
6.534582829629765 	 0.9070122434375748
6.630934192139027 	 0.9102126041862751
6.728706239839598 	 0.9133475779698788
6.827919920503869 	 0.9164169037190528
6.928596490775761 	 0.9194203703612364
7.030757520724931 	 0.9223578172552895
7.134424898468227 	 0.9252291345439714
7.239620834859228 	 0.9280342634218278
7.34636786824692 	 0.9307731963162625
7.454688869304611 	 0.933445976979758
7.564607045929947 	 0.9360527004914245
7.676145948217281 	 0.938593513166288
7.789329473503253 	 0.9410686123709586
7.904181871486885 	 0.9434782462445853
8.020727749425035 	 0.9458227133242567
8.138992077404597 	 0.9481023620742964
8.259000193692337 	 0.9503175903191794
8.380777810163623 	 0.9524688445801021
8.50435101781129 	 0.9545566193155431
8.62974629233558 	 0.9565814560664649
8.75699049981668 	 0.9585439425071343
8.886110902470724 	 0.9604447114028593
9.017135164490833 	 0.9622844394762827
9.150091357974128 	 0.9640638461841934
9.285007968936267 	 0.9657836924071647
9.421913903414582 	 0.9674447790546554
9.560838493661208 	 0.9690479455885457
9.701811504427607 	 0.970594068468408
9.844863139341628 	 0.9720840595221367
9.99002404737875 	 0.9735188642458749
10.137325329428574 	 0.9748994600374827
10.28679854495831 	 0.9762268543680906
10.438475718774344 	 0.9775020828965545
10.592389347883662 	 0.9787262075319065
10.74857240845634 	 0.9799003144491375
10.907058362890696 	 0.981025512063881
11.067881166982717 	 0.9821029289717831
11.231075277201043 	 0.9831337118585228
11.396675658069395 	 0.9841190233866243
11.564717789657669 	 0.9850600400653292
11.735237675183678 	 0.9859579501099229
11.908271848726786 	 0.9868139512969831
12.08385738305547 	 0.9876292488220837
12.262031897570111 	 0.9884050531665067
12.442833566363076 	 0.9891425779795148
12.626301126397518 	 0.9898430379826971
12.812473885806792 	 0.990507646902836
13.001391732316337 	 0.9911376154396389
13.193095141789579 	 0.9917341492745498
13.387625186900026 	 0.9922984471266881
13.585023545931035 	 0.9928316988617661
13.785332511705537 	 0.9933350836596143
13.988595000647207 	 0.9938097682456778
14.194854561975465 	 0.9942569051915705
14.404155387035898 	 0.9946776312894551
14.616542318768257 	 0.9950730660046775
14.832060861314224 	 0.9954443100107256
15.050757189766593 	 0.9957924438101914
15.272678160062464 	 0.9961185264450131
15.49787131902206 	 0.9964235942988543
15.726384914535807 	 0.9967086599940321
15.958267905901375 	 0.9969747113849663
16.193569974313373 	 0.9972227106496546
16.43234153350756 	 0.9974535934802213
16.674633740561994 	 0.9976682683731125
16.920498506857594 	 0.9978676160190487
17.169988509200103 	 0.9980524887923762
17.423157201106278 	 0.9982237103390033
17.68005882425622 	 0.9983820752616565
17.94074842011488 	 0.9985283489007555
18.205281841724577 	 0.9986632672087857
18.473715765671745 	 0.9987875367156415
18.74610770422986 	 0.9989018345820355
19.022516017681486 	 0.9990068087377078
19.302999926822146 	 0.9991030781008376
19.587619525648297 	 0.9991912328747582
19.876435794232698 	 0.9992718349177978
20.169510611789292 	 0.9993454181818326
20.466906769931057 	 0.9994124892149219
20.768687986123034 	 0.9994735277232277
21.07491891733402 	 0.9995289871872755
21.385665173889223 	 0.9995792955275096
21.700993333527506 	 0.9996248558140296
22.02097095566569 	 0.9996660470153553
22.34566659587314 	 0.9997032247810723
22.675149820560065 	 0.9997367222532425
23.00949122188199 	 0.9997668509015314
23.348762432864405 	 0.9997939013771024
23.69303614275003 	 0.9998181443804569
24.042386112572764 	 0.9998398315385529
24.396887190960868 	 0.9998591962867189
24.756615330173545 	 0.999876454751083
25.12164760237373 	 0.9998918066274614
25.492062216140802 	 0.9999054360528968
25.86793853322704 	 0.9999175124662937
26.249357085560774 	 0.9999281914548703
26.636399592500638 	 0.9999376155834278
27.029148978343834 	 0.9999459152037252
27.42768939009296 	 0.999953209241543
27.8321062154844 	 0.999959605959307
28.242486101282918 	 0.9999652036924435
28.658916971845755 	 0.9999700915579187
29.08148804796043 	 0.9999743501337026
29.51028986596061 	 0.9999780521081674
29.945414297123364 	 0.9999812628986986
30.386954567352955 	 0.9999840412390443
30.83500527715433 	 0.9999864397351678
31.289662421901646 	 0.9999885053895905
31.751023412405132 	 0.9999902800944187
32.21918709578169 	 0.9999918010934356
32.69425377663292 	 0.999993101413812
33.17632523853535 	 0.9999942102681438
33.66550476584798 	 0.9999951534276547
34.161897165840756 	 0.999995953567523
34.665608791149936 	 0.9999966305853903
35.17674756256399 	 0.9999972018941861
35.69542299214603 	 0.9999976826904714
36.221746206696594 	 0.9999980861995498
36.75582997156302 	 0.9999984238986274
37.297788714799196 	 0.9999987057193215
37.84773855168221 	 0.9999989402308233
38.40579730959006 	 0.9999991348050125
38.97208455324617 	 0.9999992957648056
39.54672161033653 	 0.9999994285169914
40.12983159750404 	 0.9999995376707717
40.72153944672661 	 0.9999996271431838
41.32197193208376 	 0.9999997002525349
41.931257696918365 	 0.9999997598009206
42.54952728139832 	 0.9999998081468483
43.17691315048524 	 0.9999998472689259
43.813549722315074 	 0.9999998788215139
44.45957339699723 	 0.9999999041831795
45.11512258583875 	 0.9999999244987305
45.78033774099878 	 0.999999940715543
46.455361385580694 	 0.9999999536148428
47.14033814416817 	 0.9999999638385378
47.835414773810584 	 0.999999971912148
48.54074019546627 	 0.9999999782643235
49.256465525908816 	 0.9999999832433953
49.98274411010438 	 0.9999999871313524
50.71973155406543 	 0.9999999901555999
51.467585758189855 	 0.9999999924988107
52.226466951091524 	 0.9999999943071434
52.99653772392892 	 0.9999999956970735
53.777963065240826 	 0.9999999967610433
54.570910396295154 	 0.9999999975721188
55.375549606959524 	 0.9999999981878088
56.19205309209974 	 0.9999999986531859
57.020595788515905 	 0.9999999990034233
57.861355212423156 	 0.9999999992658493
58.71451149748407 	 0.9999999994616029
59.58024743340291 	 0.9999999996069622
60.45874850508833 	 0.9999999997144049
61.35020293239421 	 0.9999999997934513
62.254801710445236 	 0.9999999998513315
63.17273865055831 	 0.9999999998935097
64.10421042176657 	 0.999999999924096
65.04941659295653 	 0.9999999999461667
66.00855967562514 	 0.9999999999620128
66.98184516726842 	 0.999999999973332
67.96948159541004 	 0.9999999999813758
68.97168056227775 	 0.999999999987062
69.98865679013988 	 0.9999999999910603
71.0206281673096 	 0.9999999999938566
72.06781579482829 	 0.9999999999958015
73.13044403383587 	 0.9999999999971467
74.20874055364082 	 0.9999999999980719
75.302936380499 	 0.9999999999987046
76.41326594711052 	 0.9999999999991348
77.53996714284766 	 0.9999999999994256
78.6832813647227 	 0.9999999999996209
79.8434535691082 	 0.9999999999997513
81.0207323242181 	 0.9999999999998379
82.21536986336449 	 0.999999999999895
83.42762213899849 	 0.9999999999999324
84.65774887754904 	 0.9999999999999568
85.9060136350686 	 0.9999999999999726
87.17268385370083 	 0.9999999999999827
88.45803091898084 	 0.9999999999999891
89.7623302179789 	 0.9999999999999932
91.08586119830304 	 0.9999999999999958
92.4289074279707 	 0.9999999999999974
93.7917566561643 	 0.9999999999999984
95.17470087488059 	 0.999999999999999
96.57803638149109 	 0.9999999999999994
98.00206384222376 	 0.9999999999999997
99.44708835658187 	 0.9999999999999998
100.91341952271068 	 0.9999999999999999
102.4013715037298 	 0.9999999999999999
103.91126309504371 	        1.0
105.44341779264263 	        1.0
106.9981638624129 	        1.0
108.57583441046778 	        1.0
110.17676745451675 	        1.0
111.80130599628484 	        1.0
113.4497980950018 	        1.0
115.12259694197488 	        1.0
116.82006093625914 	        1.0
118.54255376144566 	        1.0
120.29044446358081 	        1.0
122.0641075302357 	        1.0
123.8639229707391 	        1.0
125.69027639759588 	        1.0
127.5435591091044 	        1.0
129.42416817319364 	        1.0
131.33250651249392 	        1.0
133.26898299066434 	        1.0
135.23401249999304 	        1.0
137.2280160502867 	        1.0
139.25142085907356 	        1.0
141.3046604431346 	        1.0
143.3881747113862 	        1.0
145.5024100591294 	        1.0
147.64781946369177 	        1.0
149.82486258147765 	        1.0
152.03400584645132 	        1.0
154.27572257006926 	        1.0
156.55049304268843 	        1.0
158.85880463647007 	        1.0
161.2011519097978 	        1.0
163.57803671323867 	        1.0
165.98996829706442 	        1.0
168.4374634203604 	        1.0
170.92104646173968 	        1.0
173.44124953169285 	        1.0
175.99861258659433 	        1.0
178.59368354438644 	        1.0
181.22701840197303 	        1.0
183.8991813543415 	        1.0
186.61074491544397 	        1.0
189.36229004085655 	        1.0
192.15440625225142 	        1.0
194.98769176370163 	        1.0
197.86275360985078 	        1.0
200.7802077759685 	        1.0
203.74067932992722 	        1.0
206.74480255612477 	        1.0
209.7932210913782 	        1.0
212.88658806282538 	        1.0
216.0255662278572 	        1.0
219.21082811611603 	        1.0
222.44305617358324 	        1.0
225.72294290879535 	        1.0
229.05119104121616 	        1.0
232.4285136517924 	        1.0
235.85563433573407 	        1.0
239.33328735754452 	        1.0
242.86221780833938 	        1.0
246.44318176548032 	        1.0
250.07694645456738 	        1.0
253.764290413817 	        1.0
257.50600366086667 	        1.0
261.3028878620341 	        1.0
265.1557565040766 	        1.0
269.06543506848334 	        1.0
273.03276120833215 	        1.0
277.05858492776014 	        1.0
281.1437687640768 	        1.0
285.2891879725658 	        1.0
289.4957307140061 	        1.0
293.7642982449637 	        1.0
298.0958051108857 	        1.0
302.4911793420451 	        1.0
306.95136265236863 	        1.0
311.47731064120205 	        1.0
316.06999299805005 	        1.0
320.7303937103297 	        1.0
325.4595112741934 	        1.0
330.25835890845644 	        1.0
335.127964771683 	        1.0
340.06937218246634 	        1.0
345.0836398429627 	        1.0
350.17184206572205 	        1.0
355.3350690038561 	        1.0
360.574426884608 	        1.0
365.89103824636095 	        1.0
371.2860421791469 	        1.0
376.7605945686927 	        1.0
382.3158683440734 	        1.0
387.95305372901214 	        1.0
393.67335849688965 	        1.0
399.4780082295068 	        1.0
405.36824657966895 	        1.0
411.3453355376426 	        1.0
417.4105557015332 	        1.0
423.5652065516583 	        1.0
429.81060672896064 	        1.0
436.14809431753207 	        1.0
442.5790271312946 	        1.0
449.10478300491576 	        1.0
455.7267600890145 	        1.0
462.44637714971043 	        1.0
469.2650738726004 	        1.0
476.1843111712105 	        1.0
483.2055715000023 	        1.0
490.3303591719848 	        1.0
497.56020068101907 	        1.0
504.896645028869 	        1.0
512.3412640570812 	        1.0
519.8956527837472 	        1.0
527.5614297452415 	        1.0
535.3402373429979 	        1.0
543.2337421953888 	        1.0
551.2436354948054 	        1.0
559.3716333699947 	        1.0
567.6194772537469 	        1.0
575.9889342559923 	        1.0
584.4817975424113 	        1.0
593.0998867186197 	        1.0
601.8450482200265 	        1.0
610.7191557074269 	        1.0
619.7241104684405 	        1.0
628.8618418248677 	        1.0
638.1343075460417 	        1.0
647.5434942682878 	        1.0
657.0914179205599 	        1.0
666.7801241563611 	        1.0
676.6116887920189 	        1.0
686.5882182514355 	        1.0
696.7118500173955 	        1.0
706.984753089516 	        1.0
717.4091284489622 	        1.0
727.9872095300082 	        1.0
738.7212626985577 	        1.0
749.6135877377073 	        1.0
760.6665183404833 	        1.0
771.882422609835 	        1.0
783.2637035660098 	        1.0
794.8127996613939 	        1.0
806.5321853029575 	        1.0
818.4243713824046 	        1.0
830.4919058141251 	        1.0
842.7373740810938 	        1.0
855.1633997888107 	        1.0
867.7726452274179 	        1.0
880.567811942088 	        1.0
893.5516413118403 	        1.0
906.7269151368803 	        1.0
920.0964562346115 	        1.0
933.6631290444161 	        1.0
947.4298402413696 	        1.0
961.399539359005 	        1.0
975.5752194212427 	        1.0
989.9599175836563 	        1.0
1004.5567157841834 	        1.0
1019.3687414034418 	        1.0
1034.3991679347625 	        1.0
1049.6512156641202 	        1.0
1065.1281523600894 	        1.0
1080.8332939739557 	        1.0
1096.7700053501694 	        1.0
1112.9417009472636 	        1.0
1129.351845569415 	        1.0
1146.003955108768 	        1.0
1162.9015972987281 	        1.0
1180.0483924783478 	        1.0
1197.4480143679984 	        1.0
1215.104190856454 	        1.0
1233.0207047996032 	        1.0
1251.2013948309377 	        1.0
1269.6501561839696 	        1.0
1288.3709415267979 	        1.0
1307.3677618089691 	        1.0
1326.6446871208368 	        1.0
1346.2058475655683 	        1.0
1366.0554341440306 	        1.0
1386.1976996527264 	        1.0
1406.6369595949438 	        1.0
1427.377593105369 	        1.0
1448.4240438883144 	        1.0
1469.7808211698002 	        1.0
1491.4525006636425 	        1.0
1513.4437255518178 	        1.0
1535.7592074792635 	        1.0
1558.403727563366 	        1.0
1581.3821374183008 	        1.0
1604.6993601945073 	        1.0
1628.3603916334878 	        1.0
1652.3703011381322 	        1.0
1676.7342328588552 	        1.0
1701.4574067957315 	        1.0
1726.5451199168983 	        1.0
1752.0027472934187 	        1.0
1777.8357432509076 	        1.0
1804.0496425381225 	        1.0
1830.6500615128032 	        1.0
1857.6426993449613 	        1.0
1885.0333392379441 	        1.0
1912.8278496675046 	        1.0
1941.0321856391065 	        1.0
1969.652389963805 	        1.0
1998.6945945529196 	        1.0
2028.1650217318181 	        1.0
2058.0699855730327 	        1.0
2088.41589324907 	        1.0
2119.2092464051675 	        1.0
2150.456642552252 	        1.0
2182.1647764804825 	        1.0
2214.340441693607 	        1.0
2246.990531864496 	        1.0
2280.1220423120935 	        1.0
2313.74207150019 	        1.0
2347.857822558266 	        1.0
2382.476604824792 	        1.0
2417.6058354132324 	        1.0
2453.2530408011835 	        1.0
2489.425858442947 	        1.0
2526.1320384058345 	        1.0
2563.379445030644 	        1.0
2601.176058616597 	        1.0
2639.529977131147 	        1.0
2678.4494179449466 	        1.0
2717.942719592448 	        1.0
2758.018343558436 	        1.0
2798.684876090929 	        1.0
2839.951030040763 	        1.0
2881.825646728343 	        1.0
2924.317697837926 	        1.0
2967.436287339777 	        1.0
3011.1906534407317 	        1.0
3055.590170563478 	        1.0
3100.6443513550616 	        1.0
3146.362848724947 	        1.0
3192.7554579131797 	        1.0
3239.832118589048 	        1.0
3287.6029169806316 	        1.0
3336.0780880358093 	        1.0
3385.2680176150984 	        1.0
3435.1832447168636 	        1.0
3485.8344637352675 	        1.0
3537.2325267515853 	        1.0
3589.3884458592597 	        1.0
3642.313395523286 	        1.0
3696.018714974308 	        1.0
3750.515910638083 	        1.0
3805.816658600772 	        1.0
3861.932807110505 	        1.0
3918.8763791159154 	        1.0
3976.6595748420527 	        1.0
4035.294774404328 	        1.0
4094.7945404609195 	        1.0
4155.171620904358 	        1.0
4216.438951592806 	        1.0
4278.609659121527 	        1.0
4341.697063635311 	        1.0
4405.714681682306 	        1.0
4470.6762291099985 	        1.0
4536.5956240037885 	        1.0
4603.486989668996 	        1.0
4671.3646576567735 	        1.0
4740.243170834695 	        1.0
4810.137286502528 	        1.0
4881.061979554027 	        1.0
4953.032445685353 	        1.0
5026.06410465071 	        1.0
5100.172603566081 	        1.0
5175.373820261625 	        1.0
5251.683866683557 	        1.0
5329.119092346092 	        1.0
5407.696087834385 	        1.0
5487.431688359068 	        1.0
5568.342977363249 	        1.0
5650.4472901825975 	        1.0
5733.762217759492 	        1.0
5818.305610411933 	        1.0
5904.095581657929 	        1.0
5991.150512096377 	        1.0
6079.489053345108 	        1.0
6169.13013203707 	        1.0
6260.092953875298 	        1.0
6352.3970077478 	        1.0
6446.062069903111 	        1.0
6541.1082081873 	        1.0
6637.555786343581 	        1.0
6735.425468375238 	        1.0
6834.738222972971 	        1.0
6935.515328007377 	        1.0
7037.778375087812 	        1.0
7141.549274188389 	        1.0
7246.85025834228 	        1.0
7353.703888405071 	        1.0
7462.1330578885 	        1.0
7572.160997865465 	        1.0
7683.8112819472135 	        1.0
7797.107831334078 	        1.0
7912.074919940587 	        1.0
8028.737179596247 	        1.0
8147.119605322841 	        1.0
8267.247560689704 	        1.0
8389.146783247863 	        1.0
8512.84339004441 	        1.0
8638.363883217999 	        1.0
8765.735155677017 	        1.0
8894.984496861469 	        1.0
9026.139598589665 	        1.0
9159.228560991301 	        1.0
9294.279898527902 	        1.0
9431.322546102147 	        1.0
9570.385865257107 	        1.0
9711.499650467033 	        1.0
9854.694135520915 	        1.0
   10000.0 	        1.0
