#scaled time 	 tcdf 
0.0010303629812417714 	 0.000441486719338096
0.0010470905757361546 	 0.0004486524988279966
0.001064089737069277 	 0.0004559345596953588
0.0010813648740369095 	 0.0004633347880067169
0.0010989204670101356 	 0.0004708551003919023
0.0011167610690973435 	 0.0004784974445383832
0.0011348913073250995 	 0.00048626379969357033
0.001153315883838181 	 0.0004941561771752179
0.0011720395771190925 	 0.0005021766208900411
0.001191067243227388 	 0.0005103272078606928
0.0012104038170591073 	 0.0005186100487612218
0.0012300543136266537 	 0.000527027288461157
0.001250023829359466 	 0.0005355811065783487
0.0012703175434257857 	 0.0005442737180407101
0.001290940719075903 	 0.0005531073736570033
0.0013118987050071962 	 0.0005620843606968085
0.001333196936751333 	 0.0005712070034798247
0.0013548409380840024 	 0.0005804776639746524
0.001376836322457524 	 0.0005898987424072156
0.0013991887944567126 	 0.0005994726778789533
0.001421904151278394 	 0.0006092019489949727
0.0014449882842349176 	 0.0006190890745022847
0.0014684471802821006 	 0.0006291366139383128
0.0014922869235719628 	 0.0006393471682898206
0.0015165136970306699 	 0.0006497233806624262
0.0015411337839621067 	 0.0006602679369608809
0.0015661535696774721 	 0.0006709835665802782
0.0015915795431513272 	 0.0006818730431083555
0.0016174182987045468 	 0.0006929391850390878
0.0016436765377145683 	 0.0007041848564977305
0.0016703610703534303 	 0.0007156129679775073
0.0016974788173540103 	 0.000727226477088125
0.001725036811804939 	 0.0007390283893162917
0.0017530422009746686 	 0.0007510217587984548
0.0017815022481651299 	 0.0007632096891059108
0.0018104243345955096 	 0.000775595334042537
0.0018398159613165915 	 0.0007881818984552952
0.0018696847511561754 	 0.0008009726390577331
0.0019000384506960987 	 0.0008139708652666958
0.001930884932281334 	 0.0008271799400524384
0.0019622321960617063 	 0.0008406032808023578
0.001994088372066775 	 0.0008542443601985714
0.0020264617223143717 	 0.0008681067071095408
0.002059360642953399 	 0.0008821939074959807
0.002092793666441396 	 0.0008965096053312619
0.0021267694637574592 	 0.0009110575035365509
0.002161296846651106 	 0.000925841364930917
0.0021963847699276173 	 0.0009408650131966197
0.0022320423337705165 	 0.0009561323338598668
0.002268278786101728 	 0.0009716472752872232
0.0023051035249800535 	 0.000987413849697963
0.002342526101038608 	 0.0010034361341926005
0.002380556219961806 	 0.0010197182717978526
0.0024192037450025553 	 0.0010362644725282837
0.0024584786995403515 	 0.0010530790144649255
0.002498391269680854 	 0.0010701662448510912
0.0025389518068977108 	 0.0010875305812056985
0.0025801708307172434 	 0.0011051765124543466
0.0026220590314467167 	 0.001123108600078428
0.002664627272946929 	 0.001141331479282592
0.002707886595449774 	 0.001159849860180779
0.002751848218421583 	 0.0011786685290011947
0.002796523543472929 	 0.0011977923493104608
0.0028419241573156674 	 0.001217226263257255
0.002888061834768011 	 0.001236975292835784
0.0029349485418083635 	 0.0012570445411693287
0.00298259643867873 	 0.0012774391938142388
0.003031017883038543 	 0.0012981645200846586
0.0030802254331696545 	 0.0013192258743983235
0.0031302318512333653 	 0.001340628697643725
0.0031810501065803625 	 0.0013623785185690467
0.00323269337911434 	 0.0013844809551931034
0.0032851750627102857 	 0.0014069417162387357
0.0033385087686882016 	 0.0014297666025889148
0.003392708329343278 	 0.0014529615087659849
0.0034477878015333387 	 0.0014765324244343393
0.0035037614703245295 	 0.001500485435926927
0.0035606438526962227 	 0.0015248267277959704
0.003618449701306043 	 0.0015495625843882231
0.003677194008316008 	 0.0015746993914451768
0.0037368920092808273 	 0.0016002436377286113
0.003797559187099289 	 0.0016262019166718518
0.0038592112760297923 	 0.0016525809280571297
0.003921864265771113 	 0.001679387479719493
0.003985534405609378 	 0.001706628489277598
0.004050238208632366 	 0.0017343109858918688
0.004115992456012267 	 0.0017624421120503901
0.004182814201357909 	 0.0017910291253829987
0.004250720775137706 	 0.0018200794005039653
0.004319729789174352 	 0.001849600430883738
0.004389859141212535 	 0.0018795998307501744
0.004461127019560776 	 0.0019100853370197176
0.0045335519078086185 	 0.00194106481125894
0.004607152589620444 	 0.001972546241676997
0.004681948153607074 	 0.002004537745149371
0.004757957998276453 	 0.0020370475692734168
0.004835201837064757 	 0.0020700840944562144
0.00491369970344913 	 0.0021036558360351875
0.004993471956143427 	 0.0021377714464319683
0.005074539284378356 	 0.00217243971734008
0.005156922713267269 	 0.00220766958194685
0.005240643609259138 	 0.0022434701171901686
0.00532572368567999 	 0.0022798505460505172
0.0054121850083643725 	 0.0023168202398788982
0.00550005000137819 	 0.002354388720761127
0.0055893414528344594 	 0.00239256566391904
0.005680082520803518 	 0.0024313609001492477
0.005772296739319145 	 0.002470784418299875
0.005866008024482178 	 0.0025108463677859403
0.005961240680663283 	 0.002551557061143937
0.006058019406806361 	 0.0025929269766261547
0.006156369302834295 	 0.0026349667608353868
0.0062563158761587525 	 0.0026776872314006037
0.006357885048295576 	 0.002721099379694157
0.006461103161587673 	 0.002765214373591209
0.006565996986036958 	 0.002810043560271928
0.006672593726247286 	 0.002855598469067137
0.006780921028480058 	 0.0029018908143480285
0.006891006987824355 	 0.0029489324984605797
0.007002880155483548 	 0.0029967356147053716
0.007116569546180138 	 0.003045312450363415
0.007232104645680811 	 0.0030946754897686808
0.007349515418443722 	 0.0031448374174280337
0.007468832315389872 	 0.0031958111211892394
0.007590086281800639 	 0.0032476096954577103
0.0077133087653436004 	 0.0033002464444627675
0.007838531724228584 	 0.0033537348855740717
0.007965787635496118 	 0.003408088752668943
0.00809510950344053 	 0.0034633219995513914
0.00822653086816967 	 0.00351944880342345
0.008360085814303735 	 0.0035764835684097157
0.008495808979815155 	 0.003634440929135704
0.008633735565012164 	 0.003693335754360938
0.00877390134166809 	 0.0037531831506674323
0.008916342662298873 	 0.003813998466204369
0.009061096469591282 	 0.003875797294489856
0.009208200305984115 	 0.00393859547827045
0.009357692323404929 	 0.004002409113439298
0.009509611293164957 	 0.004067254553013779
0.00966399661601455 	 0.004133148411173386
0.00982088833236189 	 0.004200107567358719
0.009980327132657677 	 0.0042681491704325
0.01014235436794828 	 0.004337290642903329
0.010307012060600352 	 0.0044075496852132206
0.010474342915199436 	 0.004478944280089643
0.010644390329625575 	 0.004551492696963032
0.010817198406308733 	 0.004625213496450679
0.010992811963666893 	 0.004700125534907823
0.011171276547729899 	 0.004776247969046927
0.011352638443951974 	 0.004853600260626052
0.01153694468921606 	 0.004932202181207241
0.01172424308403296 	 0.005012073816985838
0.011914582204938613 	 0.0050932355736917345
0.012108011417092585 	 0.005175708181563453
0.012304580887081105 	 0.005259512700396092
0.012504341595927981 	 0.0053446705246640415
0.012707345352316681 	 0.005431203388719488
0.012913644806027127 	 0.0055191333720677315
0.01312329346159061 	 0.005608482904720206
0.013336345692166405 	 0.005699274772626385
0.013552856753643617 	 0.005791532123185368
0.01377288279897203 	 0.005885278470838475
0.013996480892725566 	 0.00598053770274347
0.014223709025902222 	 0.00607733408453191
0.014454626130964219 	 0.006175692266150285
0.014689292097122369 	 0.006275637287786269
0.014927767785868561 	 0.006377194585880991
0.01517011504676044 	 0.006480389999228472
0.015416396733462278 	 0.006585249775163247
0.015666676720046336 	 0.006691800575837325
0.01592101991755882 	 0.006800069484587566
0.016179492290854847 	 0.006910084012394488
0.016442160875706616 	 0.00702187210443375
0.016709093796189428 	 0.007135462146721225
0.016980360282349897 	 0.00725088297285304
0.01725603068816102 	 0.0073681638708414186
0.017536176509768783 	 0.007487334590047731
0.017820870404034884 	 0.0076084253482135746
0.01811018620738061 	 0.007731466838591284
0.01840419895493656 	 0.007856490237174912
0.01870298490000333 	 0.007983527210032764
0.019006621533828035 	 0.008112609920742735
0.01931518760570198 	 0.008243771037931415
0.01962876314338456 	 0.008377043742918417
0.01994742947385883 	 0.008512461737466757
0.020271269244423854 	 0.008650059251640621
0.020600366444129662 	 0.008789871051771602
0.02093480642556009 	 0.00893193244853461
0.021274675926969338 	 0.009076279305134556
0.02162006309477779 	 0.009222948045604959
0.02197105750643317 	 0.009371975663219631
0.022327750193642734 	 0.009523399729018662
0.022690233665982776 	 0.009677258400449688
0.023058601934891218 	 0.00983359043012574
0.0234329505380499 	 0.009992435174700647
0.023813376564162606 	 0.0101538326038633
0.024199978678135385 	 0.010317823309451777
0.024592857146665682 	 0.010484448514688447
0.024992113864246844 	 0.010653750083537143
0.025397852379594858 	 0.010825770530183661
0.02581017792250407 	 0.011000553028640423
0.026229197431138995 	 0.011178141422476614
0.026655019579769033 	 0.011358580234674589
0.02708775480695361 	 0.011541914677613958
0.027527515344184787 	 0.011728190663184049
0.02797441524499499 	 0.011917454813025932
0.02842857041453711 	 0.012109754468905012
0.02889009863964502 	 0.012305137703215096
0.029359119619381983 	 0.01250365332961498
0.02983575499608511 	 0.012705350913798489
0.030320128386913663 	 0.012910280784398839
0.030812365415909697 	 0.013118494044028265
0.031312593746579076 	 0.013330042580453741
0.03182094311500155 	 0.013544979077909835
0.03233754536347819 	 0.01376335702854911
0.032862534474725265 	 0.013985230744031352
0.033396046606623105 	 0.014210655367251957
0.03393822012752916 	 0.014439686884210512
0.03448919565216442 	 0.014672382136020103
0.03504911607808226 	 0.014908798831057907
0.035618126622729514 	 0.015148995557258
0.03619637486110912 	 0.015393031794546519
0.03678401076405434 	 0.015640967927420157
0.037381186737124136 	 0.015892865257667962
0.03798805766013017 	 0.016148786017237484
0.038604780927305474 	 0.01640879338124491
0.039231516488125236 	 0.016672951481130256
0.03986842688879024 	 0.01694132541795728
0.04051567731438388 	 0.01721398127585871
0.041173435631713474 	 0.01749098613562667
0.04184187243284725 	 0.0177724080884487
0.042521161079357904 	 0.01805831624978885
0.043211477747284635 	 0.01834878077341453
0.043913001472825036 	 0.01864387286556819
0.04462591419876888 	 0.018943664799284277
0.04535040082168551 	 0.019248229928850703
0.04608664923987758 	 0.01955764270441476
0.046834850402113125 	 0.019871978686732832
0.0475951983571488 	 0.020191314562063363
0.0483678903040573 	 0.020515728157202602
0.04915312664337145 	 0.020845298454662042
0.049951111029059 	 0.021180105607987023
0.05076205042134094 	 0.02152023095721532
0.05158615514036753 	 0.021865757044474708
0.05242363892076546 	 0.022216767629718293
0.053274718967070804 	 0.022573347706596292
0.054139616010061786 	 0.022935583518462744
0.05501855436400626 	 0.023303562574515782
0.05591176198483823 	 0.023677373666069364
0.05681947052927925 	 0.024057106882954975
0.05774191541491933 	 0.02444285363005115
0.05867933588127354 	 0.024834706643938546
0.05963197505182946 	 0.025232760009678393
0.060600079997102284 	 0.025637109177711663
0.061583901798713425 	 0.02604785098087655
0.06258369561450959 	 0.02646508365154118
0.06359972074473874 	 0.026888906838848505
0.06463224069930065 	 0.02731942162607045
0.06568152326608924 	 0.027756730548067474
0.06674784058044424 	 0.02820093760885039
0.06783146919573069 	 0.028652148299240163
0.06893269015506388 	 0.029110469614621853
0.07005178906419902 	 0.029576010072788445
0.07118905616560417 	 0.03004887973186997
0.07234478641373573 	 0.030529190208343007
0.0735192795515359 	 0.031017054695115946
0.07471284018817212 	 0.031512587979684176
0.07592577787803867 	 0.03201590646235013
0.07715840720104078 	 0.03252712817450213
0.07841104784418194 	 0.03304637279694576
0.07968402468447608 	 0.03357376167828169
0.08097766787320548 	 0.03410941785332299
0.08229231292154697 	 0.03465346606154489
0.08362830078758772 	 0.03520603276555948
0.08498597796475414 	 0.035767246169608205
0.08636569657167624 	 0.03633723623806316
0.08776781444351096 	 0.036916134713929606
0.08919269522474788 	 0.037504075137340324
0.09064070846352187 	 0.03810119286403293
0.09211222970745686 	 0.038707625083800476
0.0936076406010653 	 0.03932351083890516
0.0951273289847294 	 0.03994899104244507
0.09667168899528863 	 0.04058420849666275
0.09824112116826082 	 0.04122930791118445
0.09983603254172235 	 0.0418844359211784
0.1014568367618753 	 0.04254974110541967
0.10310395419032772 	 0.04322537400424884
0.10477781201311627 	 0.04391148713741137
0.10647884435149856 	 0.0446082350217643
0.10820749237454362 	 0.04531577418883486
0.10996420441355147 	 0.04603426320221749
0.11174943607832907 	 0.046763862674793086
0.11356365037535424 	 0.047504735285754336
0.11540731782785874 	 0.0482570457974215
0.11728091659785941 	 0.0490209610718301
0.1191849326101721 	 0.04979665008707409
0.12111985967843764 	 0.05058428395338511
0.12308619963319392 	 0.05138403592892858
0.12508446245202828 	 0.052196081435297866
0.1271151663918417 	 0.053020598072684964
0.12917883812326025 	 0.05385776563470671
0.13127601286722998 	 0.054707766122864925
0.13340723453382747 	 0.05557078376061736
0.13557305586332583 	 0.05644700500703635
0.1377740385695495 	 0.05733661857003027
0.14001075348555653 	 0.058239815419103114
0.1422837807116871 	 0.05915678879762664
0.1445937097660136 	 0.06008773423459711
0.1469411397372354 	 0.06103284955585039
0.14932667944005437 	 0.061992334894705826
0.15175094757307248 	 0.06296639270200942
0.15421457287925489 	 0.06395522775554706
0.156718194308996 	 0.06495904716879472
0.15926246118583334 	 0.06597806039897472
0.16184803337485312 	 0.06701247925438408
0.16447558145382732 	 0.0680625179009602
0.16714578688713175 	 0.0691283928680498
0.16985934220248586 	 0.07021032305334306
0.1726169511705619 	 0.07130852972693612
0.1754193289875114 	 0.07242323653448399
0.17826720246045358 	 0.07355466949940272
0.18116131019597487 	 0.07470305702408063
0.18410240279169046 	 0.07586862989005685
0.1870912430309133 	 0.07705162125712278
0.19012860608048587 	 0.07825226666130342
0.19321527969182228 	 0.07947080401167134
0.19635206440521374 	 0.08070747358594718
0.19953977375745313 	 0.08196251802483832
0.20277923449282714 	 0.08323618232506594
0.20607128677753703 	 0.08452871383102988
0.20941678441759806 	 0.08584036222505831
0.21281659508027684 	 0.08717137951618988
0.21627160051912508 	 0.08852202002743231
0.21978269680266527 	 0.089892540381442
0.2233507945467886 	 0.09128319948456558
0.22697681915092813 	 0.0926942585091866
0.2306617110380628 	 0.09412598087431329
0.23440642589862118 	 0.09557863222434983
0.23821193493834278 	 0.09705248040598333
0.24207922513016306 	 0.09854779544312388
0.2460092994701899 	 0.10006484950983167
0.2500031772378339 	 0.10160391690116131
0.2540618942601612 	 0.10316527400185552
0.25818650318054115 	 0.1047491992528169
0.2623780737316511 	 0.1063559731152844
0.2666376930129174 	 0.1079858780326425
0.27096646577245775 	 0.10963919838978538
0.27536551469360127 	 0.11131622046996038
0.2798359806860622 	 0.11301723240901262
0.28437902318183694 	 0.11474252414694927
0.28899582043590905 	 0.11649238737674388
0.29368756983183325 	 0.1182671154902958
0.29845548819228046 	 0.12006700352146182
0.30330081209462684 	 0.12189234808607384
0.3082247981916641 	 0.12374344731885428
0.3132287235375161 	 0.12562060080714116
0.3183138859188494 	 0.12752410952133356
0.32348160419145733 	 0.12945427574196372
0.3287332186223116 	 0.1314114029833059
0.33407009123716486 	 0.13339579591342476
0.3394936061737963 	 0.1354077602705702
0.34500517004099485 	 0.1374476027758215
0.3506062122833672 	 0.139515631041883
0.3562981855520687 	 0.14161215347793094
0.36208256608155653 	 0.14373747919041602
0.36796085407245316 	 0.14589191787971423
0.37393457408063213 	 0.14807577973253205
0.3800052754126158 	 0.15028937530995617
0.3861745325273928 	 0.1525330154310495
0.39244394544476247 	 0.15480701105188796
0.3988151401603027 	 0.15711167313993257
0.40528976906708086 	 0.1594473125436346
0.411869511384207 	 0.16181423985716564
0.4185560735923442 	 0.16421276528016956
0.42535118987629295 	 0.16664319847242934
0.4322566225747576 	 0.16910584840334478
0.439274162637414 	 0.17160102319611434
0.4464056300894019 	 0.17412902996651816
0.4536528745033517 	 0.1766901746561955
0.4610177754790815 	 0.1792847618603159
0.46850224313107647 	 0.1819130946495392
0.47610821858388314 	 0.18457547438616248
0.4838376744755497 	 0.18727220053435598
0.4916926154692361 	 0.19000357046438665
0.4996750787731289 	 0.19276987925073283
0.5077871346688028 	 0.19557141946399578
0.5160308870481513 	 0.19840848095651312
0.5244084739590429 	 0.20128135064158553
0.5329220681598301 	 0.20419031226622816
0.5415738776828606 	 0.20713564617735986
0.5503661464071428 	 0.210117629081354
0.5593011546402994 	 0.2131365337968655
0.5683812197099779 	 0.21619262900086753
0.5776086965648564 	 0.21928617896782354
0.5869859783854063 	 0.22241744330193022
0.5965154972045766 	 0.2255866766623746
0.6061997245385484 	 0.2287941284815463
0.6160411720277301 	 0.23204004267615944
0.6260423920881654 	 0.23532465735124156
0.6362059785735064 	 0.2386482044969508
0.6465345674477437 	 0.24201090967819802
0.6570308374688523 	 0.24541299171704717
0.6676975108835341 	 0.24885466236788423
0.6785373541332481 	 0.2523361259853514
0.6895531785716943 	 0.2558575791850467
0.7007478411939472 	 0.2594192104970079
0.7121242453774327 	 0.26302120001200385
0.7236853416349245 	 0.2666637190206657
0.7354341283797753 	 0.2703469296455096
0.7473736527035642 	 0.2740709844659054
0.7595070111663695 	 0.27783602613606173
0.771837350599878 	 0.2816421869961175
0.7843678689235214 	 0.2854895886764279
0.7971018159738741 	 0.2893783416951675
0.8100424943475079 	 0.2933085450493707
0.8231932602575307 	 0.29728028579955385
0.8365575244040375 	 0.3012936386480831
0.8501387528586855 	 0.30534866551145873
0.8639404679636306 	 0.3094454150867137
0.8779662492450653 	 0.31358392241214145
0.8922197343415761 	 0.317764208422581
0.9067046199475839 	 0.32198627949951714
0.9214246627720932 	 0.3262501270162663
0.9363836805130059 	 0.3305557268785422
0.9515855528472608 	 0.3349030390607243
0.9670342224370394 	 0.3392920071381641
0.9827336959523076 	 0.34372255781589367
0.9986880451099667 	 0.3481946004541342
1.0149014077298606 	 0.3527080265910059
1.031377988807942 	 0.35726270946289046
1.0481220616068507 	 0.3618585035229103
1.0651379687641969 	 0.3664952439580145
1.0824301234188476 	 0.37117274620520635
1.1000030103554823 	 0.3758908054674495
1.1178611871677466 	 0.38064919622984966
1.136009285440277 	 0.3854476717767106
1.1544520119499166 	 0.3902859637101165
1.1731941498864422 	 0.39516378147070885
1.1922405600930988 	 0.4000808118613691
1.2115961823272734 	 0.4050367185745381
1.2312660365416486 	 0.4100311417239517
1.2512552241861359 	 0.4150636973815898
1.2715689295309642 	 0.42013397712068146
1.2922124210112362 	 0.42524154756563726
1.3131910525933128 	 0.43038594994980706
1.3345102651633913 	 0.4355666996820175
1.3561755879386166 	 0.440783285922849
1.3781926399010995 	 0.4460351711716666
1.4005671312552306 	 0.4513217908654487
1.423304864908631 	 0.4566425529904842
1.4464117379771695 	 0.4619968377080521
1.4698937433143957 	 0.46738399699522254
1.4937569710658056 	 0.4728033543019546
1.5180076102483535 	 0.4782542042257012
1.542651950355584 	 0.48373581220475104
1.567696382988847 	 0.48924741423158297
1.5931474035149784 	 0.4947882165875243
1.6190116127508931 	 0.5003573956000363
1.6452957186755406 	 0.5059540974239823
1.67200653816964 	 0.5115774378482467
1.6991509987836577 	 0.5172265021291069
1.726736140534506 	 0.5229003448517764
1.7547691177313838 	 0.5285979898215518
1.7832572008312846 	 0.5343184299860261
1.8122077783246129 	 0.5400606273898257
1.8416283586514095 	 0.5458235131633562
1.8715265721487058 	 0.5516059875470468
1.901910173029474 	 0.5574069199525744
1.9327870413937056 	 0.563225149062572
1.964165185272157 	 0.5690594829703072
1.9960527427032486 	 0.5749086993608163
2.0284579838437073 	 0.5807715457349732
2.061389313113457 	 0.5866467396779481
2.094855271375331 	 0.5925329691735013
2.1288645381501894 	 0.5984288929655321
2.1634259338679693 	 0.6043331409682667
2.198548422155312 	 0.6102443147264427
2.234241112160305 	 0.616160987926805
2.2705132609149654 	 0.6220817069621761
2.307374275736104 	 0.6280049915493303
2.3448337166651356 	 0.6339293354018135
2.382901298947508 	 0.639853206958817
2.4215868955524025 	 0.6457750501711198
2.460900539733305 	 0.6516932853450454
2.500852427630186 	 0.6576063100452925
2.5414529209139003 	 0.6635125000574057
2.5827125494735155 	 0.6694102104105485
2.6246420141472955 	 0.6752977764611429
2.6672521894979937 	 0.6811735150378113
2.710554126633203 	 0.687035725647944
2.754559056071522 	 0.6928826917460795
2.7992783906552083 	 0.6987126820641447
2.8447237285101625 	 0.7045239520034616
2.8909068560539355 	 0.7103147450882624
2.937839751052572 	 0.7160832944802991
2.98553458572711 	 0.721827824553968
3.0340037299104656 	 0.7275465525311733
3.083259754255618 	 0.7332376901749955
3.1333154334958455 	 0.7388994455410103
3.1841837497578913 	 0.7445300247849241
3.235877895928945 	 0.7501276340249793
3.2884112790782565 	 0.7556904812573682
3.341797523934301 	 0.761216778322678
3.396050476418425 	 0.7667047429211729
3.451184207235812 	 0.7721526006744756
3.507213015524795 	 0.7775585872309987
3.5641514325653807 	 0.7829209504122249
3.622014225547982 	 0.7882379523967002
3.680816401403364 	 0.7935078719383775
3.7405732106947363 	 0.798729006615682
3.8013001515730327 	 0.8038996751074547
3.8630129737964416 	 0.8090182194916731
3.925727682815132 	 0.8140830075626123
3.9894605439223554 	 0.8190924351618852
4.054228086472897 	 0.8240449285185529
4.120047108170013 	 0.8289389465932829
4.186934679422009 	 0.8337729834213139
4.254908147769479 	 0.8385455704487623
4.323985142384481 	 0.8432552788566257
4.3941835786427195 	 0.8479007218666242
4.465521662769953 	 0.8524805570228631
4.538017896563869 	 0.8569934884431254
4.611691082192582 	 0.8614382690334546
4.686560327071033 	 0.8658137026595594
4.762645048816601 	 0.8701186462684614
4.839964980285093 	 0.8743520119537024
4.918540174688577 	 0.8785127689573744
4.998391010796229 	 0.882599945602168
5.079538198219638 	 0.8866126311466235
5.16200278278395 	 0.8905499775567713
5.245806151986159 	 0.8944112011873684
5.3309700405420255 	 0.8981955843660056
5.417516536023092 	 0.9019024768734473
5.505468084585127 	 0.9055312973136771
5.594847496789669 	 0.9090815343672884
5.685677953520003 	 0.912552747922028
5.777983011993197 	 0.9159445700745303
5.871786611869797 	 0.9192567059975328
5.967113081462612 	 0.9224889346671376
6.063987144046402 	 0.9256411094450268
6.16243392426993 	 0.9287131585108793
6.262478954672114 	 0.9317050851406367
6.3641481823040245 	 0.9346169678266965
6.467467975458331 	 0.9374489602365622
6.572465130507995 	 0.9402012910069798
6.679166878856057 	 0.9428742633711165
6.787600893998147 	 0.9454682546168868
6.897795298699758 	 0.9479837153751222
7.0097786722899675 	 0.9504211687368864
7.123580058073575 	 0.9527812091998762
7.239228970863628 	 0.955064501444505
7.356755404636186 	 0.9572717789409408
7.4761898403093365 	 0.9594038423890613
7.597563253648596 	 0.9614615579940002
7.7209071233005275 	 0.9634458555806624
7.846253438956894 	 0.9653577265513138
7.973634709651287 	 0.9671982216910645
8.103083972190435 	 0.9689684488267871
8.234634799722485 	 0.970669570345715
8.368321310444257 	 0.9723028005806674
8.504178176449976 	 0.9738694030695256
8.642240632723595 	 0.9753706876972434
8.782544486277084 	 0.9768080077293062
8.925126125437169 	 0.9781827567461562
9.070022529282754 	 0.9794963654886607
9.21727127723555 	 0.9807502986252273
9.366910558806511 	 0.9819460514516453
9.518979183500342 	 0.9830851465351577
9.67351659088096 	 0.9841691303146471
9.830562860800265 	 0.9851995696691231
9.990158723792964 	 0.9861780484669568
10.152345571640248 	 0.9871061641084943
10.317165468104879 	 0.9879855240747929
10.484661159840552 	 0.988817742495275
10.654876087478426 	 0.9896044367470627
10.827854396893668 	 0.9903472240986596
11.003640950654738 	 0.9910477184104624
11.182281339658717 	 0.9917075269043345
11.36382189495555 	 0.992328247014146
11.548309699764037 	 0.9929114633287743
11.735792601683107 	 0.9934587446385873
11.92631922510135 	 0.9939716410958805
12.119938983807785 	 0.994451681499121
12.316702093807605 	 0.994900370710173
12.516659586345835 	 0.9953191872129356
12.719863321142585 	 0.9957095808210277
12.926365999842897 	 0.9960729705413072
13.136221179685197 	 0.9964107425991219
13.34948328739164 	 0.9967242486302611
13.566207633283732 	 0.9970148040436164
13.78645042562733 	 0.9972836865575813
14.010268785210565 	 0.9975321349122198
14.23772076015816 	 0.9977613477582328
14.468865340986502 	 0.9979724827227412
14.703762475903156 	 0.9981666556509201
14.942473086354463 	 0.9983449400215278
15.185059082825841 	 0.9985083665334339
15.431583380898594 	 0.9986579228593211
15.682109917567114 	 0.9987945535618621
15.936703667821298 	 0.9989191601668413
16.195430661498 	 0.9990326013869141
16.458358000406236 	 0.9991356934889802
16.7255538757301 	 0.9992292107975037
16.99708758571449 	 0.9993138863255281
17.273029553637976 	 0.9993904125246404
17.553451346077132 	 0.999459442144709
17.838425691467698 	 0.9995215891938831
18.12802649896707 	 0.999577429989081
18.422328877622714 	 0.9996275042870196
18.721409155852072 	 0.9996723164857473
19.02534490123874 	 0.9997123368866295
19.33421494064968 	 0.9997480030068114
19.648099380679426 	 0.9997797209323276
19.96707962842593 	 0.9998078667022496
20.291238412603967 	 0.9998327877145545
20.620659805000894 	 0.9998548041447516
20.955429242281095 	 0.9998742103687168
21.295633548144437 	 0.9998912763816495
21.641360955844053 	 0.9999062492055762
21.9927011310701 	 0.9999193542783741
22.34974519520501 	 0.9999307968178668
22.71258574895592 	 0.9999407631551466
23.081316896371114 	 0.9999494220318984
23.456034269246413 	 0.9999569258571263
23.836835051927352 	 0.9999634119193154
24.223818006514502 	 0.9999690035506876
24.617083498477676 	 0.9999738112408197
25.01673352268629 	 0.9999779336974933
25.422871729861818 	 0.9999814588532165
25.835603453460138 	 0.9999844648164046
26.255035736990312 	 0.9999870207667207
26.681277361776413 	 0.9999891877945555
27.114438875170503 	 0.9999910196850653
27.554632619223693 	 0.9999925636475883
28.001972759822117 	 0.9999938609916136
28.456575316296465 	 0.999994947750795
28.918558191512183 	 0.9999958552567699
29.38804120244769 	 0.9999966106647732
29.86514611126951 	 0.9999972374332213
30.349996656911962 	 0.9999977557595898
30.8427185871689 	 0.9999981829750108
31.34343969130716 	 0.9999985339000936
31.85228983320903 	 0.9999988211645032
32.3694009850532 	 0.9999990554928438
32.89490726154183 	 0.9999992459593696
33.428944954683935 	 0.9999994002140027
33.97165256914338 	 0.9999995246820699
34.523170858160206 	 0.9999996247400863
35.08364286005569 	 0.9999997048698146
35.65321393533009 	 0.9999997687927168
36.232031804362 	 0.9999998195867958
36.82024658572041 	 0.9999998597876989
37.418010835098706 	 0.9999998914758214
38.02547958488014 	 0.9999999163510227
38.64281038434634 	 0.9999999357964299
39.27016334053816 	 0.9999999509326805
39.907701159780345 	 0.9999999626638253
40.55558918987955 	 0.999999971715998
41.21399546300813 	 0.9999999786698368
41.8830907392842 	 0.9999999839875423
42.56304855105835 	 0.9999999880353498
43.25404524792021 	 0.9999999911021026
43.9562600424356 	 0.9999999934145297
44.66987505662548 	 0.9999999951497478
45.39507536920019 	 0.9999999964454427
46.132049063560636 	 0.9999999974081171
46.880987276577834 	 0.9999999981197382
47.64208424816534 	 0.9999999986430675
48.4155373716559 	 0.9999999990259117
49.20154724499658 	 0.9999999993044935
50.000317722773936 	 0.9999999995061113
50.8120559690848 	 0.9999999996512267
51.636972511265355 	 0.999999999755091
52.47528129449156 	 0.9999999998290089
53.327199737266945 	 0.9999999998813114
54.19294878781122 	 0.9999999999181025
55.0727529813634 	 0.9999999999438285
55.96684049841615 	 0.9999999999617085
56.87544322389559 	 0.999999999974059
57.79879680730083 	 0.9999999999825366
58.737140723820914 	 0.9999999999883191
59.69071833644393 	 0.9999999999922377
60.6597769590734 	 0.9999999999948759
61.64456792067053 	 0.9999999999966401
62.645346630437096 	 0.999999999997812
63.66237264405725 	 0.999999999998585
64.69590973101349 	 0.9999999999990914
65.74622594299666 	 0.9999999999994207
66.81359368342653 	 0.9999999999996334
67.89828977809985 	 0.9999999999997696
69.00059554698656 	 0.9999999999998563
70.12079687719155 	 0.9999999999999112
71.25918429709975 	 0.9999999999999455
72.41605305172617 	 0.9999999999999668
73.59170317928918 	 0.9999999999999799
74.78643958902572 	 0.999999999999988
76.00057214027122 	 0.9999999999999929
77.23441572282243 	 0.9999999999999958
78.48829033860594 	 0.9999999999999976
79.76252118467087 	 0.9999999999999986
81.05743873753049 	 0.9999999999999992
82.37337883887294 	 0.9999999999999996
83.71068278266209 	 0.9999999999999998
85.06969740365385 	 0.9999999999999999
86.45077516734962 	 0.9999999999999999
87.85427426140848 	        1.0
89.28055868854497 	        1.0
90.72999836093517 	        1.0
92.20296919615363 	        1.0
93.69985321466977 	        1.0
95.22103863892596 	        1.0
96.76691999402513 	        1.0
98.33789821005126 	        1.0
99.93438072605267 	        1.0
101.55678159571335 	        1.0
103.20552159473823 	        1.0
104.8810283299835 	        1.0
106.58373635035862 	        1.0
108.31408725952703 	        1.0
110.07252983043821 	        1.0
111.8595201217194 	        1.0
113.67552159595469 	        1.0
115.5210052398865 	        1.0
117.39644968656839 	        1.0
119.30234133949891 	        1.0
121.23917449877318 	        1.0
123.20745148928088 	        1.0
125.20768279098719 	        1.0
127.24038717132602 	        1.0
129.30609181974515 	        1.0
131.40533248443552 	        1.0
133.5386536112779 	        1.0
135.70660848504784 	        1.0
137.90975937291284 	        1.0
140.14867767025692 	        1.0
142.42394404887483 	        1.0
144.7361486075724 	        1.0
147.08589102520912 	        1.0
149.4737807162282 	        1.0
151.90043698870986 	        1.0
154.36648920499255 	        1.0
156.8725769448984 	        1.0
159.41935017161168 	        1.0
162.00746940025005 	        1.0
164.6376058691697 	        1.0
167.3104417140545 	        1.0
170.02667014483146 	        1.0
172.78699562545526 	        1.0
175.5921340566146 	        1.0
178.44281296140477 	        1.0
181.33977167401133 	        1.0
184.28376153146073 	        1.0
187.27554606848145 	        1.0
190.31590121553117 	        1.0
193.40561550003505 	        1.0
196.54549025089418 	        1.0
199.73633980631456 	        1.0
202.9789917250063 	        1.0
206.27428700081526 	        1.0
209.6230802808392 	        1.0
213.02624008708116 	        1.0
216.48464904170513 	        1.0
219.99920409594867 	        1.0
223.57081676274808 	        1.0
227.20041335314377 	        1.0
230.88893521652398 	        1.0
234.63733898476448 	        1.0
238.44659682033645 	        1.0
242.31769666843948 	        1.0
246.2516425132308 	        1.0
250.24945463820936 	        1.0
254.31216989083157 	        1.0
258.4408419514232 	        1.0
262.6365416064521 	        1.0
266.90035702624226 	        1.0
271.2333940471965 	        1.0
275.6367764585959 	        1.0
280.1116462940604 	        1.0
284.6591641277411 	        1.0
289.28050937531646 	        1.0
293.9768805998799 	        1.0
298.74949582279066 	        1.0
303.59959283957465 	        1.0
308.5284295409477 	        1.0
313.5372842390558 	        1.0
318.6274559990122 	        1.0
323.80026497581116 	        1.0
329.0570527567164 	        1.0
334.39918270920936 	        1.0
339.82804033457916 	        1.0
345.3450336272599 	        1.0
350.95159344000103 	        1.0
356.6491738549605 	        1.0
362.4392525608288 	        1.0
368.32333123607174 	        1.0
374.30293593839957 	        1.0
380.3796175005508 	        1.0
386.55495193250897 	        1.0
392.83054083024905 	        1.0
399.2080117911125 	        1.0
405.68901883593304 	        1.0
412.2752428380158 	        1.0
418.9683919590729 	        1.0
425.77020209224406 	        1.0
432.68243731230956 	        1.0
439.70689033320457 	        1.0
446.84538297296854 	        1.0
454.0997666262432 	        1.0
461.47192274443347 	        1.0
468.9637633236724 	        1.0
476.5772314007025 	        1.0
484.3143015568135 	        1.0
492.1769804299517 	        1.0
500.16730723515144 	        1.0
508.28735429341674 	        1.0
516.539227569179 	        1.0
524.9250672164898 	        1.0
533.4470481340811 	        1.0
542.1073805294269 	        1.0
550.908310491972 	        1.0
559.8521205756668 	        1.0
568.94113039095 	        1.0
578.1776972063519 	        1.0
587.5642165598595 	        1.0
597.1031228802115 	        1.0
606.7968901182709 	        1.0
616.6480323886557 	        1.0
626.6591046217884 	        1.0
636.8327032265189 	        1.0
647.1714667635164 	        1.0
657.678076629594 	        1.0
668.3552577531315 	        1.0
679.2057793007988 	        1.0
690.2324553957546 	        1.0
701.4381458474908 	        1.0
712.8257568935406 	        1.0
724.3982419532191 	        1.0
736.1586023936094 	        1.0
748.1098883079695 	        1.0
760.2551993067901 	        1.0
772.597685321694 	        1.0
785.1405474223741 	        1.0
797.8870386468069 	        1.0
810.8404648449451 	        1.0
824.0041855360921 	        1.0
837.3816147802112 	        1.0
850.9762220633792 	        1.0
864.7915331976009 	        1.0
878.8311312352463 	        1.0
893.0986573983342 	        1.0
907.5978120228857 	        1.0
922.3323555186277 	        1.0
937.3061093442649 	        1.0
952.5229569985974 	        1.0
967.9868450277089 	        1.0
983.7017840485241 	        1.0
999.6718497889829 	        1.0
1015.9011841450832 	        1.0
1032.3939962551042 	        1.0
1049.154563591267 	        1.0
1066.1872330691017 	        1.0
1083.496422174841 	        1.0
1101.0866201111198 	        1.0
1118.962388961252 	        1.0
1137.1283648724334 	        1.0
1155.58925925814 	        1.0
1174.3498600200573 	        1.0
1193.41503278983 	        1.0
1212.7897221909857 	        1.0
1232.4789531213498 	        1.0
1252.4878320562575 	        1.0
1272.8215483729434 	        1.0
1293.485375696434 	        1.0
1314.4846732672665 	        1.0
1335.824887331436 	        1.0
1357.5115525529068 	        1.0
1379.5502934490326 	        1.0
1401.9468258493066 	        1.0
1424.7069583777777 	        1.0
1447.8365939595503 	        1.0
1471.3417313517127 	        1.0
1495.228466699145 	        1.0
1519.502995115587 	        1.0
1544.1716122903454 	        1.0
1569.2407161211129 	        1.0
1594.7168083732972 	        1.0
1620.6064963662589 	        1.0
1646.9164946869528 	        1.0
1673.6536269313922 	        1.0
1700.8248274743537 	        1.0
1728.4371432678424 	        1.0
1756.497735668757 	        1.0
1785.0138822961917 	        1.0
1813.9929789189293 	        1.0
1843.4425413735532 	        1.0
1873.3702075137232 	        1.0
1903.7837391910584 	        1.0
1934.6910242682131 	        1.0
1966.1000786646364 	        1.0
1998.019048435506 	        1.0
2030.4562118844497 	        1.0
2063.4199817105678 	        1.0
2096.9189071902724 	        1.0
2130.9616763945855 	        1.0
2165.557118442438 	        1.0
2200.7142057905053 	        1.0
2236.442056560269 	        1.0
2272.7499369028214 	        1.0
2309.6472634021 	        1.0
2347.143605517083 	        1.0
2385.248688063676 	        1.0
2423.9723937368994 	        1.0
2463.3247656739677 	        1.0
2503.316010059032 	        1.0
2543.9564987702056 	        1.0
2585.25677206952 	        1.0
2627.2275413365956 	        1.0
2669.879691846693 	        1.0
2713.22428559382 	        1.0
2757.27256415972 	        1.0
2802.0359516294084 	        1.0
2847.5260575540747 	        1.0
2893.7546799620263 	        1.0
2940.733808418571 	        1.0
2988.4756271355704 	        1.0
3036.992518131429 	        1.0
3086.297064442429 	        1.0
3136.4020533862113 	        1.0
3187.320479878174 	        1.0
3239.065549801771 	        1.0
3291.650683433528 	        1.0
3345.0895189235994 	        1.0
3399.395915832896 	        1.0
3454.583958727632 	        1.0
3510.667960832169 	        1.0
3567.6624677412324 	        1.0
3625.582261192351 	        1.0
3684.4423628995837 	        1.0
3744.2580384494154 	        1.0
3805.044801259963 	        1.0
3866.8184166044634 	        1.0
3929.594905700008 	        1.0
3993.3905498627278 	        1.0
4058.2218947304405 	        1.0
4124.1057545537715 	        1.0
4191.059216557019 	        1.0
4259.099645369812 	        1.0
4328.244687530643 	        1.0
4398.512276063598 	        1.0
4469.920635129333 	        1.0
4542.488284751616 	        1.0
4616.23404562051 	        1.0
4691.177043973614 	        1.0
4767.336716556553 	        1.0
4844.732815663917 	        1.0
4923.385414262116 	        1.0
5003.314911195409 	        1.0
5084.542036476363 	        1.0
5167.087856662288 	        1.0
5250.9737803189555 	        1.0
5336.221563572932 	        1.0
5422.853315754149 	        1.0
5510.891505130021 	        1.0
5600.358964732717 	        1.0
5691.278898280928 	        1.0
5783.674886197869 	        1.0
5877.570891726983 	        1.0
5972.991267146833 	        1.0
6069.960760086985 	        1.0
6168.5045199464375 	        1.0
6268.648104416141 	        1.0
6370.41748610751 	        1.0
6473.83905928856 	        1.0
6578.939646729284 	        1.0
6685.746506658268 	        1.0
6794.287339832265 	        1.0
6904.590296720402 	        1.0
7016.683984805163 	        1.0
7130.59747600182 	        1.0
7246.360314198401 	        1.0
7364.00252291792 	        1.0
7483.554613105129 	        1.0
7605.047591039696 	        1.0
7728.512966377706 	        1.0
7853.982760323851 	        1.0
7981.489513936299 	        1.0
8111.066296566243 	        1.0
8242.746714434608 	        1.0
8376.564919347995 	        1.0
8512.555617555989 	        1.0
8650.754078752409 	        1.0
8791.196145222611 	        1.0
8933.918241139381 	        1.0
9078.95738200958 	        1.0
9226.351184274296 	        1.0
9376.137875064876 	        1.0
9528.35630211716 	        1.0
9683.045943846832 	        1.0
9840.246919588366 	        1.0
   10000.0 	        1.0
