#scaled time 	 ecdf 
0.0010303629812417714 	        0.0
0.0010399822988092476 	        0.0
0.0010496914209137155 	        0.0
0.001059491185957153 	        0.0
0.0010693824401687329 	        0.0
0.001079366037677902 	        0.0
0.0010894428405881337 	        0.0
0.0010996137190513726 	        0.0
0.0011098795513431751 	        0.0
0.0011202412239385462 	        0.0
0.001130699631588495 	        0.0
0.001141255677397293 	        0.0
0.0011519102729004626 	        0.0
0.0011626643381434834 	        0.0
0.001173518801761249 	        0.0
0.0011844746010582512 	        0.0
0.0011955326820895177 	        0.0
0.0012066939997423091 	        0.0
0.00121795951781857 	        0.0
0.0012293302091181612 	        0.0
0.00124080705552286 	        0.0
0.0012523910480811472 	        0.0
0.0012640831870937882 	        0.0
0.001275884482200206 	        0.0
0.001287795952465672 	        0.0
0.0012998186264693017 	        0.0
0.0013119535423928737 	        0.0
0.001324201748110477 	        0.0
0.0013365643012790023 	        0.0
0.0013490422694294687 	        0.0
0.0013616367300592085 	        0.0
0.0013743487707249117 	        0.0
0.0013871794891365343 	        0.0
0.0014001299932520955 	        0.0
0.0014132014013733464 	        0.0
0.0014263948422423391 	        0.0
0.0014397114551388975 	        0.0
0.00145315238997899 	        0.0
0.0014667188074140363 	        0.0
0.001480411878931126 	        0.0
0.0014942327869541803 	        0.0
0.0015081827249460577 	        0.0
0.0015222628975116064 	        0.0
0.0015364745205016937 	        0.0
0.00155081882111819 	        0.0
0.001565297038019944 	        0.0
0.0015799104214297372 	        0.0
0.0015946602332422516 	        0.0
0.001609547747133032 	        0.0
0.00162457424866847 	        0.0
0.0016397410354168195 	        0.0
0.001655049417060235 	        0.0
0.0016705007155078768 	        0.0
0.0016860962650100534 	        0.0
0.0017018374122734381 	        0.0
0.0017177255165773625 	        0.0
0.0017337619498911845 	        0.0
0.0017499480969927722 	        0.0
0.0017662853555880749 	        0.0
0.0017827751364318195 	        0.0
0.0017994188634493334 	        0.0
0.0018162179738594971 	        0.0
0.0018331739182988606 	        0.0
0.0018502881609469021 	        0.0
0.0018675621796524666 	        0.0
0.0018849974660613729 	        0.0
0.0019025955257452323 	        0.0
0.0019203578783314496 	        0.0
0.0019382860576344482 	        0.0
0.001956381611788118 	        0.0
0.0019746461033795007 	        0.0
0.001993081109583717 	        0.0
0.002011688222300167 	        0.0
0.0020304690482899897 	        0.0
0.0020494252093148113 	        0.0
0.002068558342276781 	        0.0
0.002087870099359932 	        0.0
0.0021073621481728427 	        0.0
0.0021270361718926413 	        0.0
0.0021468938694103527 	        0.0
0.0021669369554775915 	        0.0
0.0021871671608546493 	        0.0
0.0022075862324599394 	        0.0
0.0022281959335208506 	        0.0
0.0022489980437259984 	        0.0
0.002269994359378915 	        0.0
0.0022911866935531587 	        0.0
0.0023125768762488736 	        0.0
0.0023341667545508193 	        0.0
0.002355958192787868 	        0.0
0.002377953072693987 	        0.0
0.002400153293570742 	        0.0
0.0024225607724512968 	        0.0
0.0024451774442659584 	        0.0
0.002468005262009252 	        0.0
0.00249104619690858 	        0.0
0.0025143022385944315 	        0.0
0.002537775395272195 	        0.0
0.002561467693895572 	        0.0
0.0025853811803415983 	        0.0
0.0026095179195873247 	        0.0
0.002633879995888123 	        0.0
0.002658469512957669 	        0.0
0.002683288594149594 	        0.0
0.002708339382640853 	        0.0
0.002733624041616787 	        0.0
0.0027591447544579144 	        0.0
0.0027849037249284784 	        0.0
0.0028109031773667333 	        0.0
0.0028371453568770367 	        0.0
0.002863632529523709 	        0.0
0.002890366982526713 	        0.0
0.0029173510244591655 	        0.0
0.0029445869854466747 	        0.0
0.0029720772173685668 	        0.0
0.0029998240940609664 	        0.0
0.0030278300115217835 	        0.0
0.003056097388117616 	        0.0
0.003084628664792568 	        0.0
0.0031134263052790493 	        0.0
0.0031424927963105095 	        0.0
0.003171830647836182 	        0.0
0.0032014423932378057 	        0.0
0.003231330589548411 	        0.0
0.0032614978176731106 	        0.0
0.0032919466826119665 	        0.0
0.003322679813684941 	        0.0
0.003353699864758943 	        0.0
0.0033850095144769853 	        0.0
0.003416611466489508 	        0.0
0.003448508449687834 	        0.0
0.0034807032184398065 	        0.0
0.003513198552827652 	        0.0
0.0035459972588880325 	        0.0
0.0035791021688543583 	        0.0
0.003612516141401353 	        0.0
0.003646242061891913 	        0.0
0.0036802828426262483 	        0.0
0.003714641423093386 	        0.0
0.003749320770224989 	        0.0
0.0037843238786515613 	        0.0
0.003819653770961027 	        0.0
0.0038553134979597593 	        0.0
0.0038913061389360074 	        0.0
0.003927634801925805 	        0.0
0.00396430262398135 	        0.0
0.004001312771441909 	        0.0
0.004038668440207212 	        0.0
0.004076372856013452 	        0.0
0.004114429274711821 	        0.0
0.00415284098254965 	        0.0
0.004191611296454203 	        0.0
0.004230743564319086 	        0.0
0.00427024116529335 	        0.0
0.0043101075100732845 	        0.0
0.004350346041196944 	        0.0
0.004390960233341398 	        0.0
0.004431953593622805 	        0.0
0.0044733296618992445 	        0.0
0.00451509201107639 	        0.0
0.004557244247416029 	        0.0
0.004599790010847491 	        0.0
0.004642732975281947 	        0.0
0.004686076848929666 	        0.0
0.00472982537462022 	        0.0
0.004773982330125697 	        0.0
0.004818551528486894 	        0.0
0.0048635368183426115 	        0.0
0.004908942084261979 	        0.0
0.004954771247079877 	        0.0
0.005001028264235539 	        0.0
0.005047717130114269 	        0.0
0.005094841876392362 	        0.0
0.005142406572385253 	        0.0
0.005190415325398914 	        0.0
0.005238872281084505 	        0.0
0.0052877816237963966 	        0.0
0.005337147576953467 	        0.0
0.005386974403403824 	        0.0
0.005437266405792881 	        0.0
0.005488027926934932 	        0.0
0.005539263350188144 	        0.0
0.0055909770998330745 	        0.0
0.005643173641454712 	        0.0
0.005695857482328098 	        0.0
0.005749033171807515 	        0.0
0.005802705301719366 	        0.0
0.005856878506758673 	        0.0
0.00591155746488927 	        0.0
0.0059667468977477964 	        0.0
0.006022451571051389 	        0.0
0.006078676295009222 	        0.0
0.006135425924737876 	        0.0
0.006192705360680593 	        0.0
0.006250519549030417 	        0.0
0.006308873482157341 	        0.0
0.006367772199039387 	        0.0
0.006427220785697742 	        0.0
0.00648722437563592 	        0.0
0.0065477881502830895 	        0.0
0.006608917339441478 	        0.0
0.006670617221737977 	        0.0
0.006732893125079962 	        0.0
0.00679575042711538 	        0.0
0.006859194555697087 	        0.0
0.006923230989351598 	        0.0
0.006987865257752148 	        0.0
0.007053102942196169 	        0.0
0.007118949676087285 	        0.0
0.007185411145421747 	        0.0
0.007252493089279428 	        0.0
0.007320201300319411 	        0.0
0.007388541625280201 	        0.0
0.0074575199654845735 	        0.0
0.0075271422773492075 	        0.0
0.00759741457289901 	        0.0
0.007668342920286274 	        0.0
0.007739933444314653 	        0.0
0.007812192326968086 	        0.0
0.007885125807944605 	        0.0
0.007958740185195143 	        0.0
0.008033041815467379 	        0.0
0.008108037114854664 	        0.0
0.008183732559350034 	        0.0
0.008260134685405462 	        0.0
0.008337250090496287 	        0.0
0.008415085433690874 	        0.0
0.008493647436225707 	        0.0
0.008572942882085734 	        0.0
0.008652978618590195 	        0.0
0.008733761556983891 	        0.0
0.008815298673034004 	        0.0
0.008897597007632428 	        0.0
0.008980663667403814 	        0.0
0.009064505825319211 	        0.0
0.00914913072131548 	        0.0
0.009234545662920446 	        0.0
0.009320758025883967 	        0.0
0.009407775254814808 	        0.0
0.00949560486382351 	        0.0
0.009584254437171251 	        0.0
0.009673731629924761 	        0.0
0.009764044168617326 	        0.0
0.00985519985191604 	        0.0
0.009947206551295206 	        0.0
0.01004007221171603 	        0.0
0.01013380485231274 	        0.0
0.010228412567085007 	        0.0
0.01032390352559691 	        0.0
0.010420285973682358 	        0.0
0.01051756823415717 	        0.0
0.010615758707537757 	        0.0
0.010714865872766497 	        0.0
0.010814898287943953 	        0.0
0.010915864591067838 	        0.0
0.011017773500778963 	        0.0
0.011120633817114072 	        0.0
0.011224454422265776 	        0.0
0.01132924428134953 	        0.0
0.011435012443177775 	        0.0
0.011541768041041362 	        0.0
0.011649520293498179 	        0.0
0.011758278505169244 	        0.0
0.011868052067542125 	        0.0
0.011978850459781957 	        0.0
0.01209068324954997 	        0.0
0.01220356009382966 	        0.0
0.012317490739760724 	        0.0
0.012432485025480701 	        0.0
0.012548552880974558 	        0.0
0.012665704328932144 	        0.0
0.012783949485613646 	        0.0
0.012903298561723205 	        0.0
0.013023761863290566 	        0.0
0.013145349792561082 	        0.0
0.013268072848893916 	        0.0
0.013391941629668726 	        0.0
0.013516966831200754 	        0.0
0.013643159249664447 	        0.0
0.013770529782025783 	        0.0
0.013899089426983187 	        0.0
0.01402884928591734 	        0.0
0.014159820563849766 	        0.0
0.014292014570410438 	        0.0
0.014425442720814379 	        0.0
0.014560116536847361 	        0.0
0.014696047647860887 	        0.0
0.014833247791776347 	        0.0
0.014971728816098673 	        0.0
0.015111502678939338 	        0.0
0.015252581450049004 	        0.0
0.015394977311859763 	        0.0
0.015538702560537073 	        0.0
0.015683769607041622 	        0.0
0.01583019097820098 	        0.0
0.015977979317791352 	        0.0
0.0161271473876294 	        0.0
0.016277708068674186 	        0.0
0.016429674362139567 	        0.0
0.016583059390616786 	        0.0
0.0167378763992077 	        0.0
0.016894138756668464 	        0.0
0.017051859956564004 	        0.0
0.017211053618433187 	        0.0
0.017371733488964872 	        0.0
0.017533913443185015 	        0.0
0.01769760748565475 	        0.0
0.017862829751679774 	        0.0
0.01802959450853088 	        0.0
0.018197916156676045 	        0.0
0.018367809231023897 	        0.0
0.0185392884021788 	        0.0
0.018712368477707783 	        0.0
0.018887064403419095 	        0.0
0.019063391264652896 	        0.0
0.019241364287583856 	        0.0
0.01942099884053596 	        0.0
0.01960231043530964 	        0.0
0.019785314728521186 	        0.0
0.0199700275229548 	        0.0
0.020156464768927115 	        0.0
0.02034464256566461 	        0.0
0.020534577162693777 	        0.0
0.02072628496124428 	        0.0
0.02091978251566529 	        0.0
0.02111508653485491 	        0.0
0.02131221388370311 	        0.0
0.021511181584547952 	        0.0
0.02171200681864558 	        0.0
0.021914706927653824 	        0.0
0.02211929941512966 	        0.0
0.022325801948040732 	        0.0
0.022534232358290874 	        0.0
0.022744608644259975 	        0.0
0.022956948972358168 	        0.0
0.023171271678594483 	        0.0
0.023387595270160294 	        0.0
0.023605938427027344 	        0.0
0.023826320003560896 	        0.0
0.024048759030147762 	        0.0
0.024273274714839674 	        0.0
0.024499886445011932 	        0.0
0.024728613789037478 	        0.0
0.02495947649797676 	        0.0
0.025192494507283187 	        0.0
0.02542768793852468 	        0.0
0.025665077101121113 	        0.0
0.025904682494098167 	        0.0
0.026146524807857407 	        0.0
0.026390624925962926 	        0.0
0.02663700392694475 	        0.0
0.026885683086118915 	        0.0
0.02713668387742472 	        0.0
0.02739002797527903 	        0.0
0.027645737256447814 	        0.0
0.0279038338019354 	        0.0
0.02816433989889106 	        0.0
0.028427278042533675 	        0.0
0.028692670938094144 	        0.0
0.0289605415027761 	        0.0
0.029230912867734833 	        0.0
0.02950380838007466 	        0.0
0.02977925160486509 	        0.0
0.03005726632717561 	        0.0
0.030337876554129676 	        0.0
0.03062110651697767 	        0.0
0.030906980673189425 	        0.0
0.03119552370856611 	        0.0
0.03148676053937187 	        0.0
0.03178071631448549 	        0.0
0.03207741641757195 	        0.0
0.03237688646927444 	        0.0
0.03267915232942668 	        0.0
0.03298424009928603 	        0.0
0.033292176123787355 	        0.0
0.03360298699381793 	        0.0
0.033916699548513715 	        0.0
0.034233340877576825 	        0.0
0.034552938323614925 	        0.0
0.03487551948450224 	        0.0
0.03520111221576265 	        0.0
0.03552974463297519 	        0.0
0.03586144511420173 	        0.0
0.03619624230243766 	        0.0
0.03653416510808508 	        0.0
0.036875242711449416 	        0.0
0.037219504565259146 	        0.0
0.03756698039720903 	        0.0
0.03791770021252733 	        0.0
0.0382716942965666 	        0.0
0.038628993217419104 	        0.0
0.03898962782855624 	        0.0
0.03935362927149296 	        0.0
0.03972102897847681 	        0.0
0.04009185867520214 	        0.0
0.04046615038354979 	        0.0
0.04084393642435211 	        0.0
0.04122524942018407 	        0.0
0.04161012229818018 	        0.0
0.04199858829287782 	        0.0
0.0423906809490872 	        0.0
0.04278643412478785 	        0.0
0.04318588199405256 	        0.0
0.04358905904999811 	        0.0
0.04399600010776405 	        0.0
0.04440674030751896 	        0.0
0.04482131511749482 	        0.0
0.045239760337049885 	        0.0
0.04566211209975988 	        0.0
0.046088406876538396 	        0.0
0.04651868147878601 	        0.0
0.04695297306156921 	        0.0
0.047391319126828736 	        0.0
0.04783375752661787 	        0.0
0.04828032646637119 	        0.0
0.048731064508203525 	        0.0
0.04918601057424004 	        0.0
0.04964520394997704 	        0.0
0.050108684287674544 	        0.0
0.050576491609780255 	        0.0
0.05104866631238547 	        0.0
0.051525249168713615 	        0.0
0.05200628133264079 	        0.0
0.05249180434224976 	        0.0
0.05298186012341671 	        0.0
0.05347649099343159 	        0.0
0.053975739664652446 	        0.0
0.05447964924819355 	        0.0
0.05498826325764828 	        0.0
0.05550162561284646 	        0.0
0.056019780643647064 	        0.0
0.05654277309376613 	        0.0
0.05707064812464037 	        0.0
0.05760345131932717 	        0.0
0.05814122868644051 	        0.0
0.05868402666412418 	        0.0
0.059231892124061526 	        0.0
0.05978487237552316 	        0.0
0.060343015169452084 	        0.0
0.060906368702587005 	        0.0
0.061474981621624444 	        0.0
0.0620489030274192 	        0.0
0.06262818247922457 	        0.0
0.06321286999897172 	        0.0
0.06380301607558916 	        0.0
0.06439867166936276 	        0.0
0.064999888216336 	        0.0
0.06560671763275182 	        0.0
0.0662192123195355 	        0.0
0.06683742516681972 	        0.0
0.06746140955851171 	        0.0
0.06809121937690289 	        0.0
0.06872690900732203 	        0.0
0.06936853334283116 	        0.0
0.07001614778896606 	        0.0
0.07066980826852026 	        0.0
0.07132957122637446 	        0.0
0.07199549363437044 	        0.0
0.07266763299623064 	        0.0
0.07334604735252392 	        0.0
0.07403079528567731 	        0.0
0.07472193592503482 	        0.0
0.07541952895196334 	        0.0
0.07612363460500617 	        0.0
0.07683431368508492 	        0.0
0.07755162756074956 	        0.0
0.07827563817347796 	        0.0
0.0790064080430244 	        0.0
0.07974400027281853 	        0.0
0.08048847855541434 	        0.0
0.08123990717799007 	        0.0
0.08199835102789974 	        0.0
0.08276387559827603 	        0.0
0.08353654699368608 	        0.0
0.08431643193583939 	        0.0
0.08510359776934967 	        0.0
0.08589811246755007 	        0.0
0.08670004463836264 	        0.0
0.08750946353022315 	        0.0
0.08832643903806038 	        0.0
0.08915104170933207 	        0.0
0.08998334275011663 	        0.0
0.09082341403126189 	        0.0
0.09167132809459148 	        0.0
0.09252715815916875 	        0.0
0.09339097812761958 	        0.0
0.09426286259251379 	        0.0
0.0951428868428066 	        0.0
0.09603112687033985 	        0.0
0.09692765937640398 	        0.0
0.09783256177836153 	        0.0
0.09874591221633204 	        0.0
0.09966778955993992 	        0.0
0.10059827341512462 	        0.0
0.10153744413101508 	        0.0
0.10248538280686796 	 0.03333333333333333
0.10344217129907053 	 0.03333333333333333
0.10440789222820931 	 0.03333333333333333
0.10538262898620461 	 0.03333333333333333
0.10636646574351134 	 0.03333333333333333
0.10735948745638751 	 0.03333333333333333
0.10836177987423035 	 0.03333333333333333
0.10937342954698054 	 0.03333333333333333
0.11039452383259667 	 0.03333333333333333
0.11142515090459827 	 0.03333333333333333
0.11246539975968005 	 0.03333333333333333
0.1135153602253964 	 0.03333333333333333
0.11457512296791898 	 0.03333333333333333
0.11564477949986539 	 0.03333333333333333
0.11672442218820157 	 0.03333333333333333
0.11781414426221805 	 0.03333333333333333
0.11891403982157994 	 0.03333333333333333
0.12002420384445342 	 0.03333333333333333
0.12114473219570672 	 0.03333333333333333
0.12227572163518843 	 0.03333333333333333
0.12341726982608303 	 0.03333333333333333
0.12456947534334376 	 0.03333333333333333
0.12573243768220552 	 0.03333333333333333
0.12690625726677598 	 0.03333333333333333
0.12809103545870765 	 0.03333333333333333
0.12928687456595053 	 0.03333333333333333
0.13049387785158634 	 0.03333333333333333
0.1317121495427461 	 0.03333333333333333
0.13294179483960997 	 0.03333333333333333
0.1341829199244916 	 0.03333333333333333
0.13543563197100683 	 0.03333333333333333
0.13670003915332893 	 0.03333333333333333
0.13797625065552938 	 0.03333333333333333
0.139264376681006 	 0.03333333333333333
0.1405645284619996 	 0.03333333333333333
0.14187681826919835 	 0.03333333333333333
0.14320135942143358 	 0.03333333333333333
0.14453826629546443 	 0.03333333333333333
0.14588765433585468 	 0.03333333333333333
0.14724964006494176 	 0.03333333333333333
0.1486243410928981 	 0.03333333333333333
0.15001187612788786 	 0.03333333333333333
0.1514123649863171 	 0.03333333333333333
0.1528259286031802 	 0.03333333333333333
0.1542526890425031 	 0.03333333333333333
0.1556927695078831 	 0.03333333333333333
0.15714629435312866 	 0.03333333333333333
0.15861338909299694 	 0.03333333333333333
0.1600941804140327 	 0.03333333333333333
0.16158879618550714 	 0.03333333333333333
0.16309736547046075 	 0.03333333333333333
0.1646200185368474 	 0.03333333333333333
0.16615688686878347 	 0.03333333333333333
0.16770810317790197 	 0.03333333333333333
0.1692738014148117 	 0.03333333333333333
0.17085411678066514 	 0.03333333333333333
0.17244918573883283 	 0.03333333333333333
0.1740591460266872 	 0.03333333333333333
0.17568413666749683 	 0.03333333333333333
0.17732429798243052 	 0.03333333333333333
0.17897977160267553 	 0.03333333333333333
0.18065070048166684 	 0.03333333333333333
0.1823372289074318 	 0.03333333333333333
0.18403950251504966 	 0.03333333333333333
0.185757668299227 	 0.03333333333333333
0.18749187462699185 	 0.03333333333333333
0.1892422712505049 	 0.03333333333333333
0.19100900931999124 	 0.03333333333333333
0.1927922413967916 	 0.03333333333333333
0.1945921214665377 	 0.03333333333333333
0.19640880495244825 	 0.03333333333333333
0.19824244872875035 	 0.03333333333333333
0.20009321113422607 	 0.03333333333333333
0.20196125198588447 	 0.03333333333333333
0.20384673259276334 	 0.03333333333333333
0.20574981576985785 	 0.03333333333333333
0.20767066585218 	 0.03333333333333333
0.2096094487089496 	 0.03333333333333333
0.21156633175791645 	 0.03333333333333333
0.21354148397981856 	 0.03333333333333333
0.21553507593297316 	 0.03333333333333333
0.21754727976800503 	 0.03333333333333333
0.2195782692427113 	 0.03333333333333333
0.221628219737067 	 0.03333333333333333
0.22369730826836873 	 0.03333333333333333
0.22578571350652052 	 0.03333333333333333
0.2278936157894627 	 0.03333333333333333
0.23002119713874336 	 0.03333333333333333
0.2321686412752378 	 0.03333333333333333
0.23433613363501224 	 0.03333333333333333
0.2365238613853367 	 0.03333333333333333
0.23873201344084774 	 0.03333333333333333
0.2409607804798604 	 0.03333333333333333
0.24321035496083526 	 0.03333333333333333
0.24548093113899658 	 0.03333333333333333
0.2477727050831069 	 0.03333333333333333
0.2500858746923982 	 0.03333333333333333
0.2524206397136599 	 0.03333333333333333
0.25477720175848884 	 0.03333333333333333
0.2571557643206979 	 0.03333333333333333
0.2595565327938887 	 0.03333333333333333
0.2619797144891864 	 0.03333333333333333
0.2644255186531433 	 0.03333333333333333
0.26689415648580656 	 0.03333333333333333
0.2693858411589559 	 0.03333333333333333
0.27190078783451194 	 0.03333333333333333
0.27443921368311425 	 0.03333333333333333
0.27700133790287684 	 0.03333333333333333
0.27958738173831454 	 0.03333333333333333
0.2821975684994487 	 0.03333333333333333
0.28483212358109045 	 0.03333333333333333
0.287491274482303 	 0.03333333333333333
0.2901752508260482 	 0.06666666666666667
0.2928842843790139 	 0.06666666666666667
0.2956186090716279 	 0.06666666666666667
0.29837846101825816 	 0.06666666666666667
0.30116407853760097 	 0.06666666666666667
0.303975702173262 	 0.06666666666666667
0.30681357471452614 	 0.06666666666666667
0.30967794121732406 	 0.06666666666666667
0.31256904902539134 	 0.06666666666666667
0.3154871477916297 	 0.06666666666666667
0.31843248949966296 	 0.06666666666666667
0.3214053284855975 	 0.06666666666666667
0.32440592145998426 	 0.06666666666666667
0.32743452752998536 	 0.06666666666666667
0.3304914082217504 	 0.06666666666666667
0.3335768275029982 	 0.06666666666666667
0.33669105180581177 	 0.06666666666666667
0.3398343500496449 	 0.06666666666666667
0.3430069936645433 	 0.06666666666666667
0.34620925661458446 	 0.06666666666666667
0.3494414154215341 	 0.06666666666666667
0.3527037491887246 	 0.06666666666666667
0.35599653962515626 	 0.06666666666666667
0.3593200710698224 	 0.06666666666666667
0.3626746305162643 	 0.06666666666666667
0.36606050763735276 	 0.06666666666666667
0.3694779948103021 	 0.06666666666666667
0.3729273871419163 	 0.06666666666666667
0.3764089824940745 	 0.06666666666666667
0.3799230815094499 	 0.06666666666666667
0.383469987637472 	 0.06666666666666667
0.38705000716052956 	 0.06666666666666667
0.39066344922041796 	 0.06666666666666667
0.394310625845036 	 0.06666666666666667
0.3979918519753288 	 0.06666666666666667
0.401707445492484 	 0.06666666666666667
0.4054577272453816 	 0.06666666666666667
0.4092430210782986 	 0.06666666666666667
0.41306365385887567 	 0.06666666666666667
0.4169199555063416 	 0.06666666666666667
0.42081225902000247 	 0.06666666666666667
0.4247409005079977 	 0.06666666666666667
0.42870621921632135 	        0.1
0.43270855755811993 	        0.1
0.4367482611432581 	        0.1
0.4408256788081641 	        0.1
0.4449411626459505 	        0.1
0.4490950680368208 	        0.1
0.45328775367875557 	        0.1
0.4575195816184869 	        0.1
0.46179091728276267 	        0.1
0.46610212950989977 	        0.1
0.4704535905816369 	        0.1
0.4748456762552799 	        0.1
0.47927876579614986 	        0.1
0.4837532420103335 	        0.1
0.4882694912777376 	        0.1
0.49282790358545664 	        0.1
0.49742887256144663 	        0.1
0.5020727955085167 	        0.1
0.5067600734386368 	        0.1
0.5114911111075648 	        0.1
0.5162663170498 	        0.1
0.5210861036138594 	        0.1
0.525950886997886 	 0.13333333333333333
0.5308610872855855 	 0.13333333333333333
0.5358171284825056 	 0.13333333333333333
0.5408194385526467 	 0.13333333333333333
0.5458684494554183 	 0.13333333333333333
0.5509645971829403 	 0.13333333333333333
0.5561083217976891 	 0.13333333333333333
0.5613000674705015 	 0.13333333333333333
0.5665402825189279 	 0.13333333333333333
0.5718294194459449 	 0.13333333333333333
0.5771679349790314 	 0.13333333333333333
0.5825562901096055 	 0.13333333333333333
0.5879949501328348 	 0.13333333333333333
0.5934843846878141 	 0.16666666666666666
0.5990250677981194 	 0.16666666666666666
0.6046174779127425 	        0.2
0.6102620979474023 	        0.2
0.6159594153262501 	        0.2
0.621709922023957 	        0.2
0.627514114608198 	        0.2
0.6333724942825288 	        0.2
0.6392855669296705 	        0.2
0.6452538431551899 	        0.2
0.6512778383315924 	        0.2
0.6573580726428264 	        0.2
0.6634950711291991 	        0.2
0.6696893637327194 	        0.2
0.6759414853428555 	        0.2
0.6822519758427259 	        0.2
0.6886213801557192 	        0.2
0.6950502482925464 	        0.2
0.7015391353987401 	        0.2
0.7080886018025895 	        0.2
0.7146992130635262 	        0.2
0.7213715400209626 	        0.2
0.7281061588435819 	        0.2
0.7349036510790954 	 0.23333333333333334
0.7417646037044583 	 0.23333333333333334
0.7486896091765568 	 0.23333333333333334
0.7556792654833655 	 0.26666666666666666
0.7627341761955895 	 0.26666666666666666
0.7698549505187802 	 0.26666666666666666
0.7770422033459428 	 0.26666666666666666
0.7842965553106345 	 0.26666666666666666
0.7916186328405532 	 0.26666666666666666
0.799009068211637 	 0.26666666666666666
0.806468499602658 	 0.26666666666666666
0.8139975711503319 	 0.26666666666666666
0.8215969330049411 	 0.26666666666666666
0.8292672413864729 	 0.26666666666666666
0.8370091586412908 	 0.26666666666666666
0.8448233532993258 	 0.26666666666666666
0.8527105001318073 	        0.3
0.8606712802095268 	        0.3
0.8687063809616556 	        0.3
0.8768164962351024 	        0.3
0.8850023263544281 	        0.3
0.8932645781823222 	        0.3
0.9016039651806378 	        0.3
0.9100212074720058 	        0.3
0.9185170319020152 	        0.3
0.9270921721019791 	        0.3
0.9357473685522857 	        0.3
0.9444833686463364 	 0.3333333333333333
0.9533009267550907 	 0.3333333333333333
0.9622008042922037 	 0.3333333333333333
0.9711837697797766 	 0.3333333333333333
0.9802505989147212 	 0.3333333333333333
0.9894020746357387 	 0.3333333333333333
0.9986389871909342 	 0.3333333333333333
1.007962134206052 	 0.3333333333333333
1.017372320753355 	 0.3333333333333333
1.026870359421138 	 0.3333333333333333
1.0364570703839053 	 0.3333333333333333
1.0461332814731887 	 0.3333333333333333
1.0558998282490333 	 0.3333333333333333
1.0657575540721513 	 0.3333333333333333
1.075707310176744 	 0.3333333333333333
1.0857499557440127 	 0.3333333333333333
1.095886357976348 	 0.3333333333333333
1.1061173921722143 	 0.3333333333333333
1.1164439418017351 	 0.3333333333333333
1.126866898582978 	 0.3333333333333333
1.137387162558963 	 0.3333333333333333
1.148005642175379 	 0.3333333333333333
1.1587232543590293 	 0.3333333333333333
1.1695409245970139 	 0.3333333333333333
1.1804595870166397 	 0.3333333333333333
1.1914801844660936 	 0.3333333333333333
1.2026036685958528 	 0.3333333333333333
1.2138309999408656 	 0.3333333333333333
1.2251631480034892 	 0.3333333333333333
1.2366010913372172 	 0.3333333333333333
1.2481458176311726 	 0.36666666666666664
1.2597983237953998 	 0.36666666666666664
1.2715596160469502 	 0.36666666666666664
1.2834307099967661 	 0.36666666666666664
1.2954126307373883 	 0.36666666666666664
1.30750641293147 	 0.36666666666666664
1.3197131009011225 	 0.36666666666666664
1.332033748718097 	        0.4
1.3444694202947998 	        0.4
1.3570211894761708 	        0.4
1.369690140132408 	        0.4
1.3824773662525618 	        0.4
1.3953839720390058 	        0.4
1.4084110720027805 	        0.4
1.4215597910598416 	        0.4
1.4348312646281947 	        0.4
1.4482266387259415 	        0.4
1.4617470700702373 	        0.4
1.4753937261771826 	 0.4666666666666667
1.4891677854626353 	        0.5
1.5030704373439716 	        0.5
1.5171028823427946 	        0.5
1.5312663321885962 	 0.5333333333333333
1.5455620099234022 	 0.5333333333333333
1.5599911500073773 	 0.5333333333333333
1.5745549984254252 	 0.5333333333333333
1.5892548127947836 	 0.5333333333333333
1.6040918624736147 	 0.5333333333333333
1.6190674286706277 	 0.5666666666666667
1.6341828045557063 	 0.5666666666666667
1.6494392953715786 	 0.5666666666666667
1.6648382185465291 	 0.5666666666666667
1.6803809038081539 	 0.5666666666666667
1.6960686932981959 	 0.5666666666666667
1.7119029416884348 	 0.5666666666666667
1.7278850162976693 	 0.5666666666666667
1.7440162972097801 	 0.5666666666666667
1.7602981773929134 	 0.5666666666666667
1.7767320628197603 	 0.5666666666666667
1.7933193725889665 	 0.5666666666666667
1.8100615390476762 	 0.5666666666666667
1.8269600079152106 	 0.5666666666666667
1.8440162384079202 	 0.5666666666666667
1.8612317033651828 	 0.5666666666666667
1.878607889376589 	 0.5666666666666667
1.8961462969103133 	        0.6
1.913848440442675 	        0.6
1.931715848588928 	        0.6
1.949750064235252 	        0.6
1.9679526446719855 	        0.6
1.9863251617281026 	 0.6333333333333333
2.0048692019069367 	 0.6333333333333333
2.0235863665231895 	 0.6333333333333333
2.042478271841199 	 0.6333333333333333
2.0615465492145124 	 0.6333333333333333
2.0807928452267483 	 0.6333333333333333
2.1002188218337934 	 0.6333333333333333
2.11982615650731 	 0.6333333333333333
2.1396165423795885 	 0.6666666666666666
2.159591688389757 	 0.6666666666666666
2.1797533194313408 	        0.7
2.200103176501225 	        0.7
2.220643016849985 	 0.7333333333333333
2.2413746141336275 	 0.7333333333333333
2.262299758566756 	 0.7333333333333333
2.2834202570771462 	 0.7333333333333333
2.304737933461794 	 0.7333333333333333
2.3262546285443935 	 0.7666666666666667
2.3479722003343015 	 0.7666666666666667
2.3698925241869704 	 0.7666666666666667
2.392017492965903 	 0.7666666666666667
2.414349017206095 	 0.7666666666666667
2.4368890252790165 	 0.7666666666666667
2.4596394635591334 	 0.7666666666666667
2.4826022965919714 	        0.8
2.5057795072637705 	        0.8
2.529173096972704 	        0.8
2.552785085801706 	 0.8333333333333334
2.5766175126929083 	 0.8333333333333334
2.6006724356237014 	 0.8333333333333334
2.6249519317844587 	 0.8333333333333334
2.649458097757894 	 0.8333333333333334
2.6741930497001105 	 0.8333333333333334
2.6991589235233366 	 0.8333333333333334
2.7243578750803565 	 0.8333333333333334
2.7497920803506863 	 0.8333333333333334
2.7754637356284655 	 0.8333333333333334
2.8013750577121166 	 0.8333333333333334
2.8275282840957576 	 0.8333333333333334
2.8539256731624323 	 0.8333333333333334
2.8805695043791135 	 0.8333333333333334
2.907462078493544 	 0.8333333333333334
2.934605717732912 	 0.8333333333333334
2.9620027660043697 	 0.8333333333333334
2.9896555890974508 	 0.8333333333333334
3.0175665748883507 	 0.8333333333333334
3.0457381335461253 	 0.8333333333333334
3.074172697740819 	 0.8333333333333334
3.102872722853517 	 0.8333333333333334
3.131840687188392 	 0.8333333333333334
3.161079092186697 	 0.8333333333333334
3.190590462642773 	 0.8333333333333334
3.220377346922074 	 0.8333333333333334
3.2504423171812107 	 0.8333333333333334
3.28078796959008 	 0.8333333333333334
3.311416924556035 	 0.8333333333333334
3.342331826950174 	 0.8333333333333334
3.3735353463357094 	 0.8333333333333334
3.4050301771985176 	 0.8333333333333334
3.436819039179795 	 0.8333333333333334
3.468904677310908 	 0.8333333333333334
3.501289862250438 	 0.8333333333333334
3.533977390523417 	 0.8333333333333334
3.566970084762835 	 0.8333333333333334
3.600270793953366 	 0.8333333333333334
3.633882393677386 	 0.8333333333333334
3.6678077863632907 	 0.8333333333333334
3.70204990153611 	 0.8333333333333334
3.7366116960704994 	 0.8333333333333334
3.7714961544460603 	 0.8333333333333334
3.8067062890050565 	 0.8333333333333334
3.8422451402125417 	 0.8333333333333334
3.878115776918892 	 0.8333333333333334
3.914321296624834 	 0.8333333333333334
3.9508648257489005 	 0.8333333333333334
3.987749519897415 	 0.8333333333333334
4.024978564136964 	 0.8333333333333334
4.062555173269462 	 0.8333333333333334
4.100482592109737 	 0.8333333333333334
4.138764095765734 	 0.8333333333333334
4.177402989921328 	 0.8333333333333334
4.21640261112176 	 0.8333333333333334
4.255766327061782 	 0.8333333333333334
4.295497536876445 	 0.8333333333333334
4.335599671434625 	 0.8333333333333334
4.376076193635294 	 0.8333333333333334
4.4169305987065215 	 0.8666666666666667
4.458166414507333 	 0.8666666666666667
4.499787201832318 	 0.8666666666666667
4.541796554719127 	 0.8666666666666667
4.584198100758818 	 0.8666666666666667
4.626995501409097 	 0.8666666666666667
4.670192452310513 	 0.8666666666666667
4.713792683605568 	 0.8666666666666667
4.757799960260836 	 0.8666666666666667
4.802218082392044 	 0.8666666666666667
4.847050885592265 	 0.8666666666666667
4.892302241263095 	 0.8666666666666667
4.937976056948969 	 0.8666666666666667
4.984076276674589 	 0.8666666666666667
5.030606881285477 	 0.8666666666666667
5.077571888791759 	 0.8666666666666667
5.124975354715111 	 0.8666666666666667
5.1728213724389605 	 0.8666666666666667
5.221114073561972 	 0.8666666666666667
5.269857628254788 	 0.8666666666666667
5.31905624562017 	 0.8666666666666667
5.368714174056442 	 0.8666666666666667
5.418835701624347 	 0.8666666666666667
5.469425156417343 	 0.8666666666666667
5.520486906935314 	 0.8666666666666667
5.572025362461837 	 0.8666666666666667
5.624044973444906 	 0.8666666666666667
5.676550231881248 	 0.8666666666666667
5.7295456717042 	 0.8666666666666667
5.783035869175248 	 0.8666666666666667
5.837025443279181 	 0.8666666666666667
5.89151905612295 	 0.8666666666666667
5.946521413338258 	 0.8666666666666667
6.002037264487877 	 0.8666666666666667
6.058071403475822 	 0.8666666666666667
6.114628668961281 	 0.8666666666666667
6.171713944776455 	 0.8666666666666667
6.229332160348294 	 0.8666666666666667
6.287488291124135 	 0.8666666666666667
6.346187359001379 	 0.8666666666666667
6.405434432761119 	 0.8666666666666667
6.465234628505843 	        0.9
6.5255931101012274 	        0.9
6.586515089622024 	        0.9
6.648005827802164 	        0.9
6.710070634489018 	        0.9
6.772714869101914 	        0.9
6.835943941094913 	        0.9
6.89976331042397 	        0.9
6.964178488018374 	        0.9
7.029195036256644 	        0.9
7.094818569446857 	        0.9
7.161054754311423 	        0.9
7.227909310476463 	        0.9
7.29538801096568 	 0.9333333333333333
7.363496682698878 	 0.9333333333333333
7.432241206995141 	 0.9333333333333333
7.501627520080658 	 0.9333333333333333
7.5716616136013775 	 0.9333333333333333
7.642349535140369 	 0.9333333333333333
7.71369738874005 	 0.9333333333333333
7.785711335429288 	 0.9333333333333333
7.85839759375539 	 0.9333333333333333
7.9317624403211315 	 0.9333333333333333
8.005812210326722 	 0.9333333333333333
8.080553298116879 	 0.9333333333333333
8.155992157732957 	 0.9333333333333333
8.232135303470322 	 0.9333333333333333
8.308989310440833 	 0.9333333333333333
8.386560815140632 	 0.9333333333333333
8.464856516023218 	 0.9333333333333333
8.543883174077852 	 0.9333333333333333
8.623647613413416 	 0.9333333333333333
8.704156721847665 	 0.9333333333333333
8.785417451502012 	 0.9333333333333333
8.86743681940186 	 0.9333333333333333
8.950221908082508 	 0.9333333333333333
9.033779866200788 	 0.9333333333333333
9.118117909152339 	 0.9333333333333333
9.203243319694682 	 0.9333333333333333
9.28916344857606 	 0.9333333333333333
9.375885715170261 	 0.9333333333333333
9.46341760811724 	 0.9333333333333333
9.551766685969799 	 0.9333333333333333
9.64094057784629 	 0.9333333333333333
9.730946984089362 	 0.9333333333333333
9.821793676930964 	 0.9333333333333333
9.913488501163453 	 0.9333333333333333
10.006039374817012 	 0.9333333333333333
10.09945428984341 	 0.9333333333333333
10.193741312806065 	 0.9333333333333333
10.288908585576682 	 0.9333333333333333
10.384964326038284 	 0.9333333333333333
10.481916828794818 	 0.9333333333333333
10.579774465887459 	 0.9333333333333333
10.678545687517524 	 0.9333333333333333
10.778239022776168 	 0.9333333333333333
10.878863080380892 	 0.9333333333333333
10.980426549418915 	 0.9666666666666667
