#scaled time 	 tcdf 
0.0016739470123960634 	 0.0005286568183836875
0.00170029684094696 	 0.0005369762429025919
0.0017270614457479548 	 0.0005454265537260137
0.0017542473558486474 	 0.0005540098089043255
0.001781861203073306 	 0.000562728098812625
0.0018099097236386433 	 0.0005715835466573029
0.001838399759797085 	 0.000580578308990512
0.001867338261505886 	 0.0005897145762326588
0.0018967322881225227 	 0.0005989945732030418
0.0019265890101267892 	 0.000608420559658773
0.001956915710869973 	 0.0006179948308420895
0.0019877197883515964 	 0.0006277197180362057
0.0020190087570241006 	 0.000637597589129823
0.0020507902496259443 	 0.0006476308491904392
0.0020830720190435706 	 0.0006578219410465913
0.002115861940202667 	 0.0006681733458791689
0.002149168011989195 	 0.0006786875838219256
0.0021829983592006824 	 0.0006893672145713675
0.0022173612345281943 	 0.0007002148380061103
0.0022522650205695403 	 0.0007112330948158957
0.002287718231874147 	 0.0007224246671403951
0.00232372951702012 	 0.0007337922792179463
0.0023603076607240227 	 0.0007453386980443963
0.0023974615859838327 	 0.0007570667340421809
0.002435200356255665 	 0.0007689792417398233
0.0024735331776647345 	 0.0007810791204619888
0.002512469401251123 	 0.0007933693150302675
0.0025520185252509223 	 0.0008058528164748666
0.0025921901974132445 	 0.0008185326627573356
0.0026329942173537475 	 0.0008314119395045474
0.0026744405389451755 	 0.0008444937807540687
0.0027165392727455375 	 0.0008577813697111036
0.0027593006884645264 	 0.0008712779395172015
0.0028027352174687264 	 0.0008849867740308923
0.0028468534553262983 	 0.0008989112086204387
0.0028916661643916862 	 0.000913054630968894
0.002937184276431019 	 0.000927420481891642
0.002983418895288859 	 0.0009420122561666256
0.003030381299596891 	 0.0009568335033774438
0.003078082945525292 	 0.0009718878287695256
0.0031265354695773767 	 0.0009871788941195683
0.0031757506914282395 	 0.0010027104186184463
0.0032257406168081032 	 0.0010184861797678075
0.0032765174404310315 	 0.0010345100142905512
0.0033280935489697367 	 0.0010507858190553908
0.0033804815240772515 	 0.0010673175520157568
0.0034336941454561135 	 0.0010841092331631966
0.003487744393975915 	 0.00110116494549555
0.003542645454839888 	 0.0011184888360000914
0.00359841072080134 	 0.001136085116651861
0.0036550537954307474 	 0.001153958065427453
0.0037125884964342476 	 0.001172112027334451
0.0037710288590243673 	 0.0011905514154567684
0.0038303891393438446 	 0.0012092807120161514
0.0038906838179432928 	 0.0012283044694500387
0.003951927603313661 	 0.0012476273115060946
0.0040141354354742646 	 0.0012672539343536074
0.00407732248961729 	 0.0012871891077120277
0.004141504179809714 	 0.0013074376759969282
0.004206696162753429 	 0.0013280045594836131
0.004272914341604625 	 0.0013488947554886612
0.004340174869853244 	 0.0013701133395696754
0.004408494155263507 	 0.0013916654667434944
0.00447788886387651 	 0.0014135563727231723
0.004548375924075759 	 0.001435791375173981
0.0046199725307167734 	 0.00145837587498874
0.00469269614932164 	 0.0014813153575827522
0.0047665645203396 	 0.0015046153942086357
0.004841595663474748 	 0.0015282816432913824
0.004917807882081785 	 0.0015523198517838903
0.004995219767631029 	 0.00157673585654333
0.0050738502042436745 	 0.0016015355857286252
0.00515371837329843 	 0.0016267250602193587
0.005234843758110729 	 0.0016523103950564669
0.00531724614868551 	 0.0016782978009049732
0.005400945646544902 	 0.0017046935855391694
0.005485962669631836 	 0.0017315041553505209
0.0055723179572908545 	 0.0017587360168786514
0.005660032575327382 	 0.0017863957783657647
0.0057491279211465355 	 0.0018144901513348223
0.005839625728972928 	 0.001843025952191861
0.0059315480751525726 	 0.0018720101038527744
0.006024917383538238 	 0.0019014496373949475
0.006119756430959649 	 0.0019313516937340984
0.006216088352779693 	 0.0019617235253266982
0.006313936648538182 	 0.0019925724978983534
0.006413325187684391 	 0.002023906092198524
0.006514278215399857 	 0.002055731905781976
0.0066168203585128225 	 0.002088057654817336
0.006720976631505796 	 0.002120891175923195
0.006826772442617681 	 0.0021542404280320976
0.006934233600041941 	 0.0021881134942829
0.007043386318222337 	 0.00222251858394182
0.007154257224247753 	 0.0022574640343527054
0.007266873364347743 	 0.0022929583129168494
0.007381262210490225 	 0.0023290100191028407
0.007497451667083138 	 0.002365627886486882
0.00761547007778152 	 0.002402820784823974
0.007735346232401729 	 0.00244059772215046
0.007857109373944585 	 0.0024789678469184008
0.007980789205728948 	 0.002517940450162139
0.008106415898637701 	 0.002557524967697652
0.008234020098477714 	 0.0025977309823550744
0.008363632933455665 	 0.002638568226244885
0.008495286021771617 	 0.0026800465830582676
0.008629011479332007 	 0.002722176090402109
0.008764841927584165 	 0.002764966942169145
0.00890281050147408 	 0.002808429490943751
0.009042950857529423 	 0.0028525742504438767
0.009185297182069905 	 0.0028974118979996793
0.009329884199546723 	 0.002942953277069292
0.00947674718101343 	 0.002989209399792383
0.009625921952730059 	 0.0030361914495819183
0.009777444904902654 	 0.003083910783754711
0.009931353000560514 	 0.00313237893620136
0.01008768378457298 	 0.003181607620096037
0.010246475392808346 	 0.0032316087306467553
0.010407766561436818 	 0.003282394347886667
0.010571596636379911 	 0.003333976739506931
0.010738005582908708 	 0.003386368363731782
0.010907033995393056 	 0.00343958187223639
0.011078723107204326 	 0.0034936301131080058
0.011253114800774039 	 0.003548526133851188
0.011430251617810751 	 0.0036042831844374733
0.011610176769677906 	 0.0036609147204003487
0.011792934147934897 	 0.0037184344059759504
0.011978568335044145 	 0.0037768561172902794
0.012167124615246725 	 0.003836193945593424
0.012358648985609112 	 0.0038964622005415645
0.012553188167243897 	 0.003957675413527298
0.012750789616707083 	 0.004019848341059052
0.012951501537574798 	 0.004082995968190154
0.01315537289220226 	 0.004147133511998271
0.013362453413667798 	 0.004212276425115919
0.01357279361790491 	 0.00427844039931271
0.013786444816025333 	 0.004345641369129997
0.014003459126835973 	 0.004413895515568675
0.014223889489553049 	 0.004483219269830818
0.014447789676716177 	 0.004553629317115883
0.014675214307305864 	 0.004625142600472135
0.014906218860067481 	 0.004697776324704183
0.015140859687044858 	 0.004771547960337101
0.015379194027327089 	 0.00484647524763824
0.015621280021011562 	 0.0049225762006970784
0.015867176723386875 	 0.0049998691115641985
0.01611694411933903 	 0.005078372554449985
0.01637064313798424 	 0.005158105389983832
0.016628335667532333 	 0.0052390867695346986
0.01689008457038385 	 0.005321336139593735
0.017155953698464985 	 0.005404873246219805
0.01742600790880383 	 0.005489718139548731
0.017700313079351798 	 0.00557589117836693
0.01797893612505414 	 0.0056634130347505175
0.018261945014173404 	 0.005752304698770349
0.01854940878486982 	 0.005842587483264184
0.018841397562042762 	 0.005934283028676516
0.019137982574437204 	 0.006027413307967075
0.01943923617201952 	 0.006122000631588742
0.01974523184362678 	 0.0062180676525358585
0.020056044234893912 	 0.00631563737146364
0.020371749166462935 	 0.006414733141879592
0.02069242365247897 	 0.006515378675407938
0.021018145919377316 	 0.006617598047127685
0.021348995424966256 	 0.0067214157009854
0.02168505287781032 	 0.00682685645528351
0.02202640025691855 	 0.006933945508245021
0.02237312083174277 	 0.0070427084436555055
0.02272529918249061 	 0.007153171236583321
0.023083021220758327 	 0.007265360259178952
0.023446374210488327 	 0.007379302286554319
0.023815446789256657 	 0.007495024502743016
0.024190328989895548 	 0.007612554506742361
0.02457111226245634 	 0.00773192031863824
0.02495788949651815 	 0.007853150385813579
0.025350755043847612 	 0.00797627358924131
0.02574980474141542 	 0.008101319249863025
0.02615513593477511 	 0.008228317135053892
0.02656684750180986 	 0.008357297465174983
0.026985039876853148 	 0.008488290920213892
0.02740981507518898 	 0.00862132864651456
0.02784127671793789 	 0.008756442263597205
0.02827953005733461 	 0.008893663871069336
0.02872468200240371 	 0.009033026055628801
0.029176841145039288 	 0.009174561898159671
0.02963611778649528 	 0.00931830498092206
0.030102623964292734 	 0.00946428939483661
0.0305764734795506 	 0.009612549746864813
0.031057781924746827 	 0.009763121167485813
0.03154666671191631 	 0.00991603931827081
0.03204324710129283 	 0.01007134039955584
0.03254764423040178 	 0.01022906115821399
0.033059981143610945 	 0.010389238895527774
0.03358038282214624 	 0.0105519114751627
0.03410897621458016 	 0.010717117331242844
0.03464589026780001 	 0.010884895476529386
0.03519125595846364 	 0.011055285510702768
0.03574520632495043 	 0.011228327628749786
0.03630787649981499 	 0.011404062629455928
0.036879403742751955 	 0.011582531924004144
0.03745992747407953 	 0.011763777544680838
0.038049589308750256 	 0.011947842153689811
0.03864853309089694 	 0.012134769052075034
0.03925690492892252 	 0.012324602188752984
0.03987485323114228 	 0.012517386169655411
0.040502528741987044 	 0.01271316626698318
0.04114008457877637 	 0.012911988428572047
0.04178767626907038 	 0.013113899287370976
0.042445461788609806 	 0.013318946171033803
0.04311360159985305 	 0.01352717711162494
0.04379225869112007 	 0.01373864085543957
0.04448159861635215 	 0.013953386872939295
0.0451817895354978 	 0.014171465368803662
0.045893002255534256 	 0.014392927292098068
0.04661541027213468 	 0.01461782434655877
0.047349189811991384 	 0.014846209000995567
0.04809451987580506 	 0.015078134499812388
0.0488515822819509 	 0.015313654873646512
0.049620561710831956 	 0.015552824950126765
0.05040164574993071 	 0.015795700364751013
0.05119502493956991 	 0.016042337571883458
0.052000892819393456 	 0.016292793855871894
0.05281944597557928 	 0.016547127342285358
0.053650884088795106 	 0.01680539700927218
0.05449540998290946 	 0.01706766269903905
0.05535322967446895 	 0.017333985129450606
0.056224552422954856 	 0.017604425905750242
0.057109590781830505 	 0.017879047532401784
0.0580085606503923 	 0.01815791342505223
0.05892168132643705 	 0.018441087922615413
0.05984917555975803 	 0.018728636299476298
0.06079126960648348 	 0.019020624777815947
0.061748193284270225 	 0.01931712054005688
0.0627201800283663 	 0.019618191741428346
0.06370746694855578 	 0.01992390752265115
0.06471029488700024 	 0.020234338022741688
0.06572890847699064 	 0.020549554391934507
0.06676355620262397 	 0.020869628804722894
0.06781449045941938 	 0.0211946344730166
0.06888196761588829 	 0.021524645659416072
0.06996624807607389 	 0.0218597376906023
0.07106759634307502 	 0.022199986970841145
0.07218628108356982 	 0.022545470995601318
0.0733225751933555 	 0.022896268365284606
0.07447675586391908 	 0.02325245879906726
0.07564910465005677 	 0.02361412314885097
0.07683990753855716 	 0.023981343413322174
0.0780494550179661 	 0.024354202752117905
0.07927804214944921 	 0.02473278550009637
0.08052596863877022 	 0.025117177181710797
0.08179353890940225 	 0.02550746452548413
0.08308106217678982 	 0.025903735478582556
0.08438885252378013 	 0.02630607922148601
0.0857172289772413 	 0.026714586182752482
0.0870665155858869 	 0.027129348053874486
0.08843704149932559 	 0.027550457804224153
0.0898291410483551 	 0.027978009696084775
0.09124315382651972 	 0.028412099299765202
0.09267942477295224 	 0.0288528235087944
0.09413830425651935 	 0.029300280555192373
0.09562014816129197 	 0.029754570024814263
0.09712531797336085 	 0.03021579287276355
0.09865418086901859 	 0.030684051438870645
0.10020710980432997 	 0.031159449463232684
0.10178448360611206 	 0.03164209210181014
0.10338668706434681 	 0.03213208594207574
0.10501411102604762 	 0.03262953901871086
0.10666715249060418 	 0.03313456082934428
0.1083462147066278 	 0.03364726235032855
0.11005170727032121 	 0.034167756052547744
0.11178404622539705 	 0.0346961559172513
0.11354365416456871 	 0.0352325774519081
0.11533096033263929 	 0.035777137706073964
0.11714640073121284 	 0.03632995528726666
0.11899041822505442 	 0.03689115037684103
0.12086346265012367 	 0.03746084474585762
0.12276599092330956 	 0.03803916177093691
0.12469846715389221 	 0.038626226450091804
0.12666136275675927 	 0.03922216541853011
0.12865515656740467 	 0.039827106964418775
0.1306803349587371 	 0.04044118104460096
0.13273739195972767 	 0.041064519300256924
0.13482682937592502 	 0.04169725507249966
0.1369491569118674 	 0.04233952341789484
0.13910489229542197 	 0.04299146112389542
0.1412945614040808 	 0.04365320672418009
0.1435186983932455 	 0.04432490051388454
0.1457778458265306 	 0.04500668456471441
0.14807255480811898 	 0.04569870273992806
0.15040338511719936 	 0.04640110070917616
0.1527709053445213 	 0.04711402596318705
0.155175693031099 	 0.04783762782828277
0.15761833480909845 	 0.04857205748071353
0.16009942654494308 	 0.04931746796079611
0.1626195734846708 	 0.05007401418684096
0.16517939040158003 	 0.050841852968854066
0.16777950174619974 	 0.05162114302199651
0.17042054179862018 	 0.052412044979787235
0.17310315482322053 	 0.05321472140702991
0.17582799522583417 	 0.054029336812449494
0.178595727713386 	 0.05485605766101791
0.1814070274560429 	 0.0556950523859519
0.1842625802519183 	 0.05654649140036382
0.18716308269436663 	 0.057410547108544686
0.19010924234191406 	 0.0582873939168607
0.1931017778908621 	 0.059177208244240546
0.19614141935060841 	 0.060080168532232796
0.199228908221729 	 0.06099645525461122
0.20236499767686092 	 0.06192625092650354
0.2055504527444352 	 0.06286974011302225
0.2087860504952999 	 0.06382710943737006
0.21207258023228082 	 0.06479854758839691
0.21541084368272792 	 0.06578424532758197
0.2188016551940909 	 0.06678439549541312
0.22224584193257327 	 0.06779919301713691
0.22574424408491556 	 0.0688288349078509
0.2292977150633517 	 0.0698735202769077
0.23290712171379477 	 0.07093345033160305
0.23657334452729784 	 0.07200882838011405
0.24029727785484306 	 0.07309985983365794
0.24407983012551468 	 0.07420675220783816
0.24792192406810215 	 0.07532971512314285
0.2518244969361956 	 0.0764689603045633
0.25578850073682186 	 0.07762470158029518
0.2598149024626797 	 0.07879715487948621
0.26390468432803316 	 0.07998653822899428
0.2680588440083139 	 0.08119307174911516
0.2722783948834998 	 0.08241697764824323
0.2765643662853213 	 0.0836584802164224
0.2809178037483593 	 0.084917805817746
0.28533976926509863 	 0.08619518288156541
0.28983134154499157 	 0.08749084189246042
0.29439361627760413 	 0.08880501537892938
0.2990277063999015 	 0.09013793790075175
0.30373474236774073 	 0.09148984603497684
0.30851587243163975 	 0.09286097836049086
0.31337226291688475 	 0.094251575441113
0.3183050985080466 	 0.09566187980716945
0.3233155825379792 	 0.09709213593549616
0.32840493728136183 	 0.09854259022781477
0.3335744042528674 	 0.10001349098743116
0.3388252445100209 	 0.10150508839419947
0.3441587389608251 	 0.10301763447769602
0.3495761886762319 	 0.10455138308854692
0.3550789152075274 	 0.1061065898678495
0.3606682609087179 	 0.10768351221462945
0.36634558926398775 	 0.10928240925127172
0.3721122852203107 	 0.11090354178686321
0.3779697555253016 	 0.11254717227838588
0.3839194290703801 	 0.11421356478969275
0.38996275723934193 	 0.11590298494820518
0.3961012142624135 	 0.11761569989926145
0.40233629757587924 	 0.11935197825805004
0.40866952818737445 	 0.12111209005905998
0.4151024510469215 	 0.12289630670297573
0.42163663542381347 	 0.12470490090094734
0.42827367528942567 	 0.12653814661616297
0.43501518970605324 	 0.1283963190026491
0.44186282322187337 	 0.13027969434122746
0.44881824627212075 	 0.13218854997254909
0.45588315558657777 	 0.13412316422713144
0.46305927460348406 	 0.13608381635232186
0.470348353889954 	 0.13807078643610637
0.47775217156901945 	 0.14008435532768762
0.48527253375338975 	 0.14212480455474993
0.4929112749860397 	 0.14419241623733056
0.5006702586877376 	 0.14628747299821837
0.5085513776116104 	 0.14841025786979292
0.5165565543048722 	 0.15056105419722646
0.5246877415778154 	 0.15274014553796064
0.5329469229801843 	 0.15494781555737747
0.5413361132850529 	 0.15718434792057867
0.5498573589803109 	 0.1594500261801882
0.5585127387678952 	 0.16174513366009516
0.5673043640708738 	 0.16406995333505028
0.576234379548512 	 0.16642476770603004
0.5853049636194508 	 0.16880985867128723
0.5945183289931174 	 0.1712255073929989
0.6038767232094976 	 0.1736719941594276
0.6133824291874139 	 0.17614959824251622
0.6230377657814236 	 0.17865859775082513
0.6328450883474918 	 0.18119926947773632
0.6428067893175634 	 0.18377188874483627
0.6529252987831801 	 0.1863767292403997
0.6632030850882881 	 0.18901406285289335
0.673642655431371 	 0.19168415949941933
0.6842465564770676 	 0.1943872869490242
0.6950173749774129 	 0.19712371064079362
0.7059577384028569 	 0.19989369349666117
0.7170703155832234 	 0.20269749572886137
0.7283578173587484 	 0.2055353746419515
0.7398229972413762 	 0.2084075844293427
0.751468652086459 	 0.21131437596426922
0.7632976227750286 	 0.21425599658513772
0.7753127949068161 	 0.21723268987520053
0.7875170995041695 	 0.22024469543649125
0.7999135137270615 	 0.22329224865798167
0.8125050615993473 	 0.22637558047790274
0.8252948147464516 	 0.22949491714019488
0.8382858931446774 	 0.23265047994504703
0.8514814658823003 	 0.2358424849934907
0.8648847519326454 	 0.23907114292602125
0.8784990209393392 	 0.24233665865522863
0.8923275940139122 	 0.2456392310924153
0.9063738445459675 	 0.24897905286819774
0.9206411990260949 	 0.25235631004708425
0.9351331378817376 	 0.2557711818360361
0.9498531963262263 	 0.2592238402870241
0.964804965221164 	 0.2627144499935977
0.9799920919523991 	 0.26624316778149937
0.9954182813197793 	 0.26981014239335716
1.0110872964409094 	 0.27341551416750337
1.0270029596691463 	 0.2770594147109781
1.0431691535260297 	 0.2807419665667797
1.0595898216484034 	 0.2844632828754424
1.0762689697504382 	 0.2882234670310287
1.0932106666007948 	 0.2920226123316343
1.1104190450151807 	 0.29586080162452383
1.1278983028645202 	 0.2997381069460153
1.1456527040989934 	 0.3036545891562547
1.1636865797882074 	 0.30761029756903563
1.1820043291777225 	 0.31160526957682444
1.200610420762228 	 0.3156395302711787
1.2195093933755985 	 0.31971309205875165
1.238705857298109 	 0.32382595427309474
1.2582044953810902 	 0.327978102782495
1.278010064189271 	 0.332169509594083
1.298127395161119 	 0.33640013245448763
1.3185613957874345 	 0.3406699144473117
1.3393170508084962 	 0.3449787835877318
1.360399423430067 	 0.34932665241455185
1.3818136565585164 	 0.3537134175800371
1.4035649740554108 	 0.3581389594379056
1.4256586820118342 	 0.3626031416298486
1.4481001700427711 	 0.36710581067099135
1.4708949126018778 	 0.3716467955347194
1.4940484703169263 	 0.3762259072373186
1.5175664913462956 	 0.38084293842290623
1.5414547127567964 	 0.3854976629491427
1.5657189619231868 	 0.3901898354742514
1.5903651579497327 	 0.3949191910458908
1.615399313114127 	 0.3996854446924439
1.640827534334144 	 0.4044882910173272
1.6666560246573898 	 0.4093274037969395
1.6928910847744842 	 0.4142024355828925
1.7195391145560832 	 0.41911301730920303
1.7466066146140815 	 0.4240587579051465
1.7741001878873877 	 0.4290392439144897
1.8020265412526808 	 0.4340540391218727
1.8303924871604946 	 0.439102684187099
1.859204945297083 	 0.44418469628815993
1.888470944272425 	 0.44929956877381566
1.9181976233348055 	 0.45444677082659257
1.948392234112398 	 0.45962574713709176
1.979062142382238 	 0.46483591759050963
2.0102148298670697 	 0.47007667696631866
2.0418578960604563 	 0.4753473946520617
2.0739990600806215 	 0.4806474143722551
2.1066461625534916 	 0.4859760539334076
2.139807167525347 	 0.49133260498618797
2.173490164405617 	 0.4967163328058051
2.207703369940226 	 0.502126476091666
2.2424551302160154 	 0.5075622467874227
2.2777539226967236 	 0.5130228299225124
2.3136083582910056 	 0.5185073834763361
2.3500271834529967 	 0.5240150382662122
2.3870192823159715 	 0.5295448978602821
2.4245936788595515 	 0.5350960385165351
2.462759539111059 	 0.5406675091491406
2.501526173381506 	 0.5462583313232872
2.540903038536774 	 0.5518674992797217
2.5808997403045715 	 0.5574939799902
2.621526035617668 	 0.5631367132450501
2.6627918349940547 	 0.5687946117740531
2.7047072049545373 	 0.5744665614018403
2.7472823704783935 	 0.5801514212389952
2.790527717497707 	 0.5858480239100449
2.834453795430927 	 0.5915551758194985
2.8790713197563456 	 0.5972716574570867
2.924391174626064 	 0.6029962237433184
2.970424415521099 	 0.6087276044164582
3.0171822719483155 	 0.614464504461991
3.064676150179768 	 0.6202056045855993
3.112917636035207 	 0.6259495617306572
3.161918497708353 	 0.6316950096411799
3.2116906886376624 	 0.6374405594711299
3.2622463504223083 	 0.6431848004409312
3.3135978157840347 	 0.6489263005419665
3.3657576115756327 	 0.6546636072897862
3.418738461836809 	 0.66039524852668
3.472553290898102 	 0.6661197332741773
3.527215226533713 	 0.6718355526359814
3.58273760316393 	 0.6775411807517329
3.6391339651079626 	 0.6832350758019206
3.6964180698880114 	 0.6889156810641529
3.7546038915852993 	 0.6945814260208932
3.813705624248982 	 0.7002307275186643
3.8737376853586802 	 0.7058619909785933
3.93471471934152 	 0.7114736116580564
3.9966516011445714 	 0.7170639759630586
4.059563439863459 	 0.722631462810825
4.123465582428161 	 0.7281744450419741
4.188373617346775 	 0.7336912908814648
4.25430337850822 	 0.7391803654473772
4.321270949044836 	 0.744640032306428
4.3892926652557485 	 0.7500686550749489
4.458385120591982 	 0.7554645990639013
4.528565169704361 	 0.7608262329663289
4.599849932555049 	 0.7661519305854635
4.67225679859389 	 0.7714400726015405
4.74580343100043 	 0.7766890483751779
4.820507770992722 	 0.7818972577850043
4.896388042204006 	 0.7870631130970311
4.973462755128198 	 0.7921850408630681
5.051750711635445 	 0.7972614838453086
5.131271009558697 	 0.8022909029640055
5.212043047352488 	 0.8072717792649814
5.294086528825093 	 0.8122026159035298
5.377421467945106 	 0.8170819401410672
5.462068193723746 	 0.8219083053507319
5.548047355173979 	 0.8266802930279312
5.635379926347683 	 0.8313965148016741
5.724087211452179 	 0.8360556144423585
5.814190850047197 	 0.8406562698615154
5.9057128223237525 	 0.8451971950988675
5.99867545446605 	 0.8496771422919079
6.09310142409779 	 0.8540949036230755
6.189013765814264 	 0.8584493132394798
6.286435876801472 	 0.8627392491400128
6.385391522543699 	 0.8669636350245923
6.485904842620988 	 0.8711214421002001
6.588000356597781 	 0.8752116908383006
6.691702970004354 	 0.879233452678189
6.7970379804123375 	 0.8831858516707712
6.9040310836058705 	 0.887068066057276
7.0127083798499665 	 0.8908793297773975
7.123096380257451 	 0.8946189339013957
7.235222013256213 	 0.8982862279807352
7.349112631158209 	 0.9018806213119083
7.464796016831847 	 0.9054015841081878
7.582300390479493 	 0.9088486485741785
7.701654416521543 	 0.9122214098781689
7.822887210588971 	 0.9155195270174751
7.9460283466258765 	 0.9187427235721441
8.071107864103826 	 0.9218907883426248
8.19815627534984 	 0.9249635758672542
8.327204572989638 	 0.9279610068156869
8.458284237508078 	 0.9308830682546967
8.591427244928656 	 0.9337298137831129
8.72666607461379 	 0.9365013635330006
8.864033717188008 	 0.9391979040345835
9.003563682585755 	 0.9418196879428045
9.145290008225913 	 0.9443670336238515
9.289247267315057 	 0.9468403246004263
9.435470577281288 	 0.9492400088549982
9.583995608340972 	 0.9515665979907856
9.734858592200222 	 0.9538206662507039
9.888096330893356 	 0.9560028493950489
10.043746205760577 	 0.9581138434392179
10.201846186566835 	 0.9601544032533174
10.362434840764362 	 0.9621253410260627
10.525551342900926 	 0.9640275245959332
10.691235484176168 	 0.9658618756531133
10.859527682148483 	 0.9676293678163114
11.030468990594526 	 0.9693310245891045
11.204101109524094 	 0.9709679172010188
11.380466395352531 	 0.9725411623390862
11.559607871233267 	 0.9740519197761547
11.741569237553101 	 0.9755013899027406
11.92639488259259 	 0.976890811169696
12.114129893354239 	 0.9782214574494352
12.30482006656127 	 0.9794946353239034
12.498511919829328 	 0.9807116813078692
12.695252703014237 	 0.9818739590165055
12.895090409738257 	 0.9829828562865435
13.09807378909777 	 0.9840397822605872
13.304252357555397 	 0.9850461644444175
13.513676411019105 	 0.9860034457473136
13.726397037111658 	 0.9869130815155738
13.94246612763307 	 0.9877765365695141
14.161936391219221 	 0.9885952822542663
14.384861366199889 	 0.9893707935146898
14.61129543365895 	 0.9901045460046392
14.841293830700396 	 0.9907980132407108
15.074912663923017 	 0.9914526638104039
15.312208923107193 	 0.9920699586443933
15.55324049511728 	 0.9926513483623175
15.798066178022609 	 0.9931982707011248
16.046745695441 	 0.9937121480346202
16.299339711107905 	 0.9941943849923903
16.555909843674858 	 0.9946463661857738
16.816518681741066 	 0.9950694540479892
17.081229799121395 	 0.9954649867949245
17.35010777035486 	 0.9958342765124585
17.623218186457006 	 0.9961786073754963
17.90062767092061 	 0.9964992340032018
18.182403895967926 	 0.9967973799541638
18.46861559905889 	 0.997074236364485
18.759332599659228 	 0.997330960731003
19.054625816272296 	 0.9975686758410734
19.35456728373941 	 0.997788468849557
19.659230170812123 	 0.9979913905028692
19.9686887980013 	 0.9981784545091728
20.283018655707167 	 0.998350637053031
20.602296422634513 	 0.9985088764520981
20.926599984498232 	 0.998654072952704
21.256008453022837 	 0.9987870886605082
21.59060218524131 	 0.9989087476017435
21.930462803097708 	 0.9990198359099698
22.27567321335812 	 0.9991211021326895
22.62631762783551 	 0.999213257651672
22.982481583932422 	 0.9992969772103736
23.344251965507365 	 0.9993728995414394
23.71171702406956 	 0.9994416280869367
24.084966400307152 	 0.9995037318036887
24.464091145954743 	 0.9995597460458591
24.849183746004673 	 0.9996101735167907
25.24033814126819 	 0.9996554852820081
25.637649751291722 	 0.9996961218352685
26.04121549763366 	 0.9997324942095823
26.451133827508038 	 0.9997649851252162
26.86750473779988 	 0.9997939501668447
27.290429799458835 	 0.9998197189822227
27.720012182276744 	 0.9998425964950034
28.15635668005529 	 0.9998628641246329
28.599569736169524 	 0.9998807810065915
29.049759469534376 	 0.9998965852066367
29.507035700979333 	 0.9999104949231138
29.97150998003855 	 0.999922709671839
30.4432956121627 	 0.999933411448523
30.92250768635884 	 0.9999427658641781
31.409263103266 	 0.9999509232494395
31.903680603672065 	 0.9999580197242263
32.40588079747989 	 0.9999641782296574
32.915986193129335 	 0.9999695095196266
33.43412122748215 	 0.9999741131099206
33.96041229617794 	 0.9999780781832265
34.49498778446725 	 0.9999814844488211
35.03797809853039 	 0.9999844029561621
35.58951569728923 	 0.9999868968619988
36.14973512471943 	 0.9999890221509954
36.71877304267194 	 0.9999908283102034
37.29676826421051 	 0.9999923589580328
37.88386178747428 	 0.9999936524286546
38.480196830073446 	 0.999994742313012
39.085918864025906 	 0.9999956579578407
39.701175651244725 	 0.9999964249242734
40.32611727958332 	 0.9999970654077619
40.960896199448534 	 0.9999975986211669
41.60566726098995 	 0.9999980411429578
42.26058775187425 	 0.999998407232528
42.92581743565502 	 0.9999987091146666
43.6015185907457 	 0.9999989572352422
44.287856050006354 	 0.999999160490144
44.98499724095374 	 0.9999993264294983
45.69311222660373 	 0.999999461439132
46.41237374695765 	 0.9999995709011951
47.14295726114066 	 0.9999996593357817
47.885040990204 	 0.9999997305253056
48.6388059606009 	 0.9999997876232969
49.404436048346426 	 0.9999998332491898
50.182118023873414 	 0.9999998695705694
50.972041597593474 	 0.999999898374245
51.774399466175744 	 0.9999999211274146
52.589387359553925 	 0.9999999390300807
53.41720408867345 	 0.999999953059778
54.25805159398969 	 0.9999999640095787
55.11213499473061 	 0.9999999725202452
55.97966263893386 	 0.9999999791073119
56.860846154272004 	 0.9999999841837943
57.755900499677814 	 0.9999999880791477
58.665044017781646 	 0.9999999910550199
59.58849848817536 	 0.9999999933182828
60.526489181513554 	 0.9999999950317604
61.47924491446697 	 0.9999999963230195
62.44699810554092 	 0.9999999972915391
63.429984831771804 	 0.9999999980145274
64.42844488631725 	 0.9999999985516205
65.44262183695162 	 0.9999999989486565
66.47276308548287 	 0.9999999992406943
67.51911992810474 	 0.999999999454413
68.5819476166983 	 0.9999999996100115
69.6615054210997 	 0.9999999997227036
70.75805669234688 	 0.9999999998038874
71.87186892692246 	 0.9999999998620575
73.00321383200783 	 0.9999999999035092
74.15236739176383 	 0.9999999999328834
75.31960993465609 	 0.9999999999535812
76.50522620183875 	 0.9999999999680821
77.70950541661539 	 0.9999999999781819
78.93274135499321 	 0.9999999999851749
80.17523241734725 	 0.9999999999899877
81.43728170121402 	 0.9999999999932796
82.71919707522966 	 0.9999999999955175
84.02129125423251 	 0.9999999999970292
85.34388187554809 	 0.9999999999980437
86.68729157647391 	 0.9999999999987202
88.05184807298578 	 0.9999999999991683
89.43788423968125 	 0.9999999999994632
90.84573819098239 	 0.9999999999996559
92.27575336361676 	 0.999999999999781
93.72827860039578 	 0.9999999999998616
95.20366823531378 	 0.9999999999999132
96.70228217998469 	 0.9999999999999459
98.22448601144035 	 0.9999999999999666
99.77065106131073 	 0.9999999999999795
101.34115450640715 	 0.9999999999999875
102.9363794607332 	 0.9999999999999925
104.55671506894217 	 0.9999999999999954
106.20255660126644 	 0.9999999999999973
107.87430554994114 	 0.9999999999999984
109.5723697271457 	 0.9999999999999991
111.29716336448612 	 0.9999999999999994
113.04910721404536 	 0.9999999999999997
114.82862865102214 	 0.9999999999999998
116.63616177798657 	 0.9999999999999999
118.47214753077682 	 0.9999999999999999
120.33703378606164 	        1.0
122.23127547059828 	        1.0
124.15533467220796 	        1.0
126.10968075249943 	        1.0
128.0947904613669 	        1.0
130.11114805328896 	        1.0
132.1592454054609 	        1.0
134.23958213778383 	        1.0
136.352665734744 	        1.0
138.49901166921052 	        1.0
140.67914352818053 	        1.0
142.89359314050643 	        1.0
145.1429007066309 	        1.0
147.42761493036562 	        1.0
149.74829315274422 	        1.0
152.10550148798072 	        1.0
154.4998149615712 	        1.0
156.93181765056636 	        1.0
159.40210282605352 	        1.0
161.9112730978815 	        1.0
164.45994056166208 	        1.0
167.04872694808873 	        1.0
169.67826377460221 	        1.0
172.3491924994457 	        1.0
175.06216467814448 	        1.0
177.8178421224473 	        1.0
180.61689706177313 	        1.0
183.4600123071956 	        1.0
186.34788141801081 	        1.0
189.28120887092678 	        1.0
192.2607102319145 	        1.0
195.28711233076774 	        1.0
198.361153438407 	        1.0
201.48358344697613 	        1.0
204.65516405277367 	        1.0
207.87666894206404 	        1.0
211.14888397981153 	        1.0
214.47260740138947 	        1.0
217.84865000730275 	        1.0
221.27783536097783 	        1.0
224.76099998966592 	        1.0
228.29899358850662 	        1.0
231.89267922780812 	        1.0
235.5429335635858 	        1.0
239.25064705141705 	        1.0
243.01672416366267 	        1.0
246.8420836101049 	        1.0
250.72765856206368 	        1.0
254.67439688003557 	        1.0
258.6832613449188 	        1.0
262.75522989287754 	        1.0
266.8912958539013 	        1.0
271.0924681941241 	        1.0
275.35977176195314 	        1.0
279.69424753807453 	        1.0
284.09695288939395 	        1.0
288.5689618269722 	        1.0
293.1113652680268 	        1.0
297.7252713020515 	        1.0
302.41180546112804 	        1.0
307.1721109944931 	        1.0
312.00734914742384 	        1.0
316.9186994445198 	        1.0
321.9073599774378 	        1.0
326.974547697159 	        1.0
332.1214987108567 	        1.0
337.3494685834343 	        1.0
342.6597326438157 	        1.0
348.05358629605087 	        1.0
353.53234533532185 	        1.0
359.0973462689233 	        1.0
364.74994664229115 	        1.0
370.4915253701721 	        1.0
376.32348307299713 	        1.0
382.24724241855495 	        1.0
388.26424846904206 	        1.0
394.3759690335773 	        1.0
400.58389502626085 	        1.0
406.8895408298778 	        1.0
413.2944446653186 	        1.0
419.8001689668191 	        1.0
426.4083007631064 	        1.0
433.12045206454115 	        1.0
439.93826025636173 	        1.0
446.86338849811045 	        1.0
453.8975261293511 	        1.0
461.0423890817731 	        1.0
468.2997202977782 	        1.0
475.6712901556655 	        1.0
483.1588969014996 	        1.0
490.76436708778203 	        1.0
498.4895560190279 	        1.0
506.3363482043507 	        1.0
514.3066578171827 	        1.0
522.4024291622203 	        1.0
530.6256371497259 	        1.0
538.978287777295 	        1.0
547.462418619202 	        1.0
556.0800993234596 	        1.0
564.8334321166914 	        1.0
573.7245523169572 	        1.0
582.7556288546516 	        1.0
591.928864801595 	        1.0
601.2464979084657 	        1.0
610.71080115068 	        1.0
620.3240832828708 	        1.0
630.088689402094 	        1.0
640.0070015198947 	        1.0
650.0814391433914 	        1.0
660.3144598654927 	        1.0
670.7085599644132 	        1.0
681.2662750126252 	        1.0
691.9901804953893 	        1.0
702.8828924390356 	        1.0
713.9470680491204 	        1.0
725.1854063586359 	        1.0
736.6006488864209 	        1.0
748.1955803059386 	        1.0
759.9730291245728 	        1.0
771.9358683736326 	        1.0
784.0870163092043 	        1.0
796.4294371240413 	        1.0
808.9661416706624 	        1.0
821.7001881958213 	        1.0
834.6346830865572 	        1.0
847.7727816279697 	        1.0
861.1176887729328 	        1.0
874.6726599239225 	        1.0
888.441001727145 	        1.0
902.4260728791811 	        1.0
916.6312849463114 	        1.0
931.0601031967476 	        1.0
945.7160474459631 	        1.0
960.6026929153221 	        1.0
975.7236711042418 	        1.0
991.0826706760665 	        1.0
1006.6834383578934 	        1.0
1022.5297798545648 	        1.0
1038.625560777037 	        1.0
1054.974707585382 	        1.0
1071.5812085466143 	        1.0
1088.4491147076042 	        1.0
1105.5825408833057 	        1.0
1122.9856666605315 	        1.0
1140.6627374175466 	        1.0
1158.6180653596937 	        1.0
1176.8560305713286 	        1.0
1195.3810820843153 	        1.0
1214.1977389633291 	        1.0
1233.3105914082666 	        1.0
1252.724301873986 	        1.0
1272.4436062076832 	        1.0
1292.473314804175 	        1.0
1312.8183137793524 	        1.0
1333.4835661621312 	        1.0
1354.4741131051408 	        1.0
1375.795075114483 	        1.0
1397.451653298848 	        1.0
1419.4491306382795 	        1.0
1441.7928732729408 	        1.0
1464.4883318121374 	        1.0
1487.5410426639598 	        1.0
1510.956629385855 	        1.0
1534.7408040564587 	        1.0
1558.8993686690071 	        1.0
1583.4382165467143 	        1.0
1608.3633337803963 	        1.0
1633.6808006887422 	        1.0
1659.396793301572 	        1.0
1685.517584866424 	        1.0
1712.0495473788926 	        1.0
1738.999153137023 	        1.0
1766.3729763201868 	        1.0
1794.1776945928148 	        1.0
1822.4200907333552 	        1.0
1851.1070542889086 	        1.0
1880.2455832558742 	        1.0
1909.842785787068 	        1.0
1939.905881925714 	        1.0
1970.4422053667122 	        1.0
2001.4592052456658 	        1.0
2032.964447956036 	        1.0
2064.965618994917 	        1.0
2097.4705248378655 	        1.0
2130.487094843225 	        1.0
2164.0233831864634 	        1.0
2198.0875708249205 	        1.0
2232.687967493504 	        1.0
2267.8330137317967 	        1.0
2303.5312829430545 	        1.0
2339.79148348566 	        1.0
2376.6224607974486 	        1.0
2414.0331995535003 	        1.0
2452.0328258578993 	        1.0
2490.6306094699644 	        1.0
2529.8359660655774 	        1.0
2569.658459534055 	        1.0
2610.1078043112025 	        1.0
2651.1938677490893 	        1.0
2692.926672523108 	        1.0
2735.3163990769685 	        1.0
2778.3733881061294 	        1.0
2822.10814308035 	        1.0
2866.531332805941 	        1.0
2911.6537940283565 	        1.0
2957.4865340757233 	        1.0
3004.040733544041 	        1.0
3051.3277490245923 	        1.0
3099.3591158743143 	        1.0
3148.1465510297794 	        1.0
3197.7019558654397 	        1.0
3248.037419096928 	        1.0
3299.1652197299927 	        1.0
3351.0978300558913 	        1.0
3403.847918693926 	        1.0
3457.4283536818466 	        1.0
3511.852205614963 	        1.0
3567.1327508346035 	        1.0
3623.2834746667986 	        1.0
3680.318074711947 	        1.0
3738.2504641862206 	        1.0
3797.0947753156524 	        1.0
3856.8653627835665 	        1.0
3917.576807232319 	        1.0
3979.243918820156 	        1.0
4041.881740834023 	        1.0
4105.505553359325 	        1.0
4170.130877007369 	        1.0
4235.773476701525 	        1.0
4302.449365522986 	        1.0
4370.174808617012 	        1.0
4438.966327160766 	        1.0
4508.840702393508 	        1.0
4579.814979710276 	        1.0
4651.906472820009 	        1.0
4725.132767969077 	        1.0
4799.51172823138 	        1.0
4875.0614978659 	        1.0
4951.800506742872 	        1.0
5029.747474839652 	        1.0
5108.9214168072795 	        1.0
5189.341646609048 	        1.0
5271.027782231974 	        1.0
5353.999750472486 	        1.0
5438.277791797448 	        1.0
5523.882465281645 	        1.0
5610.834653623097 	        1.0
5699.15556823722 	        1.0
5788.866754431211 	        1.0
5879.990096659894 	        1.0
5972.547823864296 	        1.0
6066.562514894205 	        1.0
6162.057104016204 	        1.0
6259.054886508284 	        1.0
6357.579524342593 	        1.0
6457.655051957623 	        1.0
6559.30588212121 	        1.0
6662.556811885937 	        1.0
6767.433028638171 	        1.0
6873.960116242362 	        1.0
6982.164061282086 	        1.0
7092.071259399229 	        1.0
7203.708521733131 	        1.0
7317.103081460921 	        1.0
7432.282600440889 	        1.0
7549.27517596043 	        1.0
7668.10934759013 	        1.0
7788.814104145901 	        1.0
7911.418890760551 	        1.0
8035.953616066743 	        1.0
8162.448659493031 	        1.0
8290.93487867465 	        1.0
8421.443616981138 	        1.0
8554.006711162277 	        1.0
8688.656499114475 	        1.0
8825.425827769403 	        1.0
8964.348061106713 	        1.0
9105.457088293075 	        1.0
9248.78733194914 	        1.0
9394.37375654673 	        1.0
9542.251876938222 	        1.0
9692.457767020065 	        1.0
9845.028068532905 	        1.0
   10000.0 	        1.0
