#scaled time 	 tcdf 
0.0013013694940438153 	 0.00037227110242919943
0.0013221877036548335 	 0.0003782252546268381
0.001343338945393463 	 0.00038427461999986583
0.001364828546826293 	 0.0003904207205170914
0.0013866619207458253 	 0.00039666510245673725
0.0014088445665338427 	 0.00040300933679410337
0.0014313820715465874 	 0.0004094550195953937
0.00145428011252211 	 0.0004160037724178028
0.0014775444570101198 	 0.0004226572427159592
0.001501180964824709 	 0.0004294171042548299
0.001525195589520329 	 0.00043628505752918575
0.0015495943798913654 	 0.00044326283018972733
0.0015743834814957005 	 0.000450352177475984
0.0015995691382026636 	 0.0004575548826560899
0.001625157693765731 	 0.0004648727574735387
0.001651155593420381 	 0.0004723076426010396
0.0016775693855075292 	 0.0004798614081015766
0.001704405723122916 	 0.0004875359538967892
0.001731671365792881 	 0.0004953332102427838
0.0017593731811769602 	 0.0005032551382135069
0.001787518146797704 	 0.0005113037301917821
0.0018161133517981683 	 0.0005194810103681356
0.0018451659987275347 	 0.000527789035247552
0.001874683405355281 	 0.0005362298941642523
0.0019046730065143732 	 0.0005448057098046469
0.0019351423559739603 	 0.000553518638738581
0.001966099128342 	 0.0005623708719590012
0.00199755112099835 	 0.0005713646354301863
0.00202950625605876 	 0.0005805021906446603
0.0020619725823702974 	 0.0005897858351889401
0.0020949582775386766 	 0.0005992179033182457
0.002128471649988048 	 0.0006088007665403206
0.002162521141053703 	 0.0006185368342084982
0.002197115327108289 	 0.000628428554124167
0.002232262921722017 	 0.0006384784131487759
0.0022679727778574243 	 0.0006486889378255324
0.0023042538900992712 	 0.0006590626950109466
0.002341115396920084 	 0.000669602292516368
0.0023785665829819448 	 0.0006803103797596813
0.002416616881475121 	 0.0006911896484273163
0.00245527587649409 	 0.0007022428331467309
0.002494553305451564 	 0.0007134727121695274
0.002534459061531167 	 0.0007248821080653897
0.0025750031961793143 	 0.0007364738884269785
0.0026161959216369603 	 0.0007482509665859794
0.00265804761351187 	 0.0007602163023404673
0.002700568813392015 	 0.0007723729026937778
0.002743770231500776 	 0.000784723822605033
0.0027876627493946464 	 0.0007972721657515518
0.0028322574227040657 	 0.0008100210853032817
0.0028775654839181012 	 0.0008229737847094695
0.0029235983452136965 	 0.0008361335184977565
0.0029703676013301604 	 0.0008495035930858859
0.003017885032489636 	 0.0008630873676062089
0.003066162607364315 	 0.0008768882547432282
0.0031152124860910953 	 0.0008909097215843287
0.00316504702333446 	 0.0009051552904839346
0.0032156787713983866 	 0.0009196285399413015
0.003267120483388005 	 0.0009343331054921333
0.003319385116421836 	 0.0009492726806142606
0.003372485834895445 	 0.0009644510176475884
0.0034264360137972747 	 0.000979871928728536
0.0034812492420775217 	 0.000995539286739191
0.003536939326070937 	 0.001011457026271414
0.0035935202929743486 	 0.0010276291446061165
0.003651006394379818 	 0.001044059702707946
0.0037094121098643455 	 0.0010607528262356323
0.0037687521506369706 	 0.001077712706568209
0.0038290414632442126 	 0.0010949436018473854
0.0038902952333348256 	 0.0011124498380363026
0.003952528889484743 	 0.0011302358099949206
0.004015758107083206 	 0.0011483059825723098
0.004079998812281106 	 0.0011666648917160922
0.004145267186002423 	 0.0011853171455993095
0.004211579668019901 	 0.001204267425764966
0.00427895296109587 	 0.0012235204882885579
0.004347404035189349 	 0.001243081164958808
0.004416950131730406 	 0.001262954364476935
0.004487608767962959 	 0.0012831450736747253
0.0045593977413569756 	 0.001303658358751686
0.004632335134091323 	 0.0013244993665315799
0.004706439317608283 	 0.0013456733257386467
0.0047817289572409565 	 0.0013671855482938007
0.004858223016914655 	 0.0013890414306311112
0.004935940763923563 	 0.001411246455034879
0.005014901773783742 	 0.0014338061909976321
0.005095125935163832 	 0.001456726296599333
0.005176633454894584 	 0.0014800125199081662
0.0052594448630585615 	 0.0015036707004031729
0.005343581018161226 	 0.0015277067704191334
0.005429063112384805 	 0.0015521267566139807
0.005515912676926134 	 0.0015769367814591146
0.005604151587419954 	 0.0016021430647529665
0.005693802069448926 	 0.001627751925158143
0.00578488670414181 	 0.0016537697817625493
0.005877428433861165 	 0.0016802031556647913
0.0059714505679821055 	 0.001707058671584306
0.006066976788763411 	 0.0017343430594965058
0.006164031157312645 	 0.001762063156293389
0.006262638119646641 	 0.0017902259074699532
0.006362822512848935 	 0.001818838368836822
0.006464609571325761 	 0.001847907708259478
0.006568024933162059 	 0.00187744120742449
0.006673094646579176 	 0.001907446263633153
0.006779845176495909 	 0.0019379303916229461
0.00688830341119447 	 0.001968901225417239
0.006998496669093067 	 0.0020003665202036227
0.007110452705626906 	 0.0020323341542413846
0.007224199720239189 	 0.00206481213079845
0.007339766363483966 	 0.0020978085801183132
0.007457181744242665 	 0.0021313317614173907
0.007576475437056003 	 0.002165390064913207
0.007697677489573189 	 0.0021999920138839166
0.007820818430120368 	 0.0022351462667596074
0.007945929275390019 	 0.002270861619245879
0.008073041538253486 	 0.002307147006480121
0.008202187235698396 	 0.002344011505221047
0.008333398896893097 	 0.0023814643360719067
0.008466709571380068 	 0.0024195148657379204
0.008602152837400472 	 0.002458172609318427
0.008739762810351773 	 0.0024974472326342325
0.008879574151380763 	 0.002537348554590725
0.009021622076113968 	 0.002577886549577222
0.009165942363527756 	 0.002619071349903126
0.00931257136496031 	 0.002660913248271399
0.009461546013267838 	 0.002703422700289918
0.009612903832127137 	 0.002746610327021262
0.009766682945487116 	 0.002790486917571462
0.009922922087171392 	 0.0028350634317183218
0.010081660610634579 	 0.0028803510025798536
0.010242938498874574 	 0.0029263609393234053
0.010406796374503527 	 0.0029731047299160996
0.010573275509979796 	 0.003020594043917143
0.010742417838003657 	 0.003068840735312628
0.010914265962079308 	 0.0031178568453934428
0.011088863167245794 	 0.0031676546056768696
0.011266253430979646 	 0.0032182464408725504
0.01144648143427192 	 0.0032696449718934164
0.0116295925728824 	 0.003321863018912227
0.01181563296877388 	 0.0033749136044643594
0.01200464948172936 	 0.003428809956597555
0.01219668972115504 	 0.003483565512069204
0.012391802058072174 	 0.003539193919591892
0.012590035637300762 	 0.003595709043127899
0.01279144038983809 	 0.0036531249652332815
0.012996067045435357 	 0.0037114559904523185
0.013203967145375474 	 0.0037707166487629114
0.013415193055455226 	 0.003830921699073771
0.013629797979175183 	 0.0038920861327740057
0.013847835971140551 	 0.003954225177335925
0.014069361950676464 	 0.004017354299971727
0.01429443171566099 	 0.004081489211344844
0.014523101956579515 	 0.004146645869336686
0.014755430270803923 	 0.004212840482869575
0.01499147517710017 	 0.004280089515786594
0.015231296130367989 	 0.0043484096907891396
0.015474953536616383 	 0.004417817993432984
0.015722508768178628 	 0.004488331676183609
0.01597402417917073 	 0.004559968262531627
0.016229563121197183 	 0.00463274555116913
0.016489189959307905 	 0.004706681620227674
0.016752970088210486 	 0.00478179483157887
0.017020969948741835 	 0.0048581038351983435
0.0172932570446032 	 0.00493562757359384
0.017569899959363 	 0.005014385286298441
0.017850968373731665 	 0.005094396514429706
0.018136533083112735 	 0.005175681105315535
0.018426666015434804 	 0.0052582592171877525
0.01872144024926868 	 0.005342151323944156
0.01902093003223444 	 0.005427378219980046
0.019325210799702813 	 0.005513961025090037
0.01963435919379586 	 0.005601921189441085
0.019948453082691577 	 0.005691280498617656
0.02026757158023726 	 0.005782061078739955
0.02059179506587668 	 0.005874285401656065
0.020921205204896067 	 0.005967976290209111
0.021255884968993874 	 0.006063156923580107
0.02159591865717967 	 0.00615985084270772
0.0219413919170074 	 0.006258081955785751
0.022292391766148167 	 0.006357874543839243
0.022649006614308256 	 0.006459253266380353
0.02301132628549777 	 0.006562243167144809
0.0233794420406554 	 0.006666869679909996
0.023753446600635216 	 0.006773158634395621
0.024133434169561215 	 0.006881136262248035
0.024519500458555336 	 0.006990829203109029
0.02491174270984517 	 0.007102264510770324
0.025310259721257354 	 0.007215469659414607
0.025715151871102633 	 0.007330472549944114
0.026126521143459154 	 0.007447301516397931
0.026544471153860227 	 0.007565985332458849
0.026969107175392863 	 0.007686553218050851
0.027400536165213978 	 0.007809034846028375
0.027838866791490762 	 0.007933460348958213
0.028284209460771877 	 0.008059860325995108
0.028736676345796682 	 0.008188265849852236
0.029196381413749226 	 0.008318708473867379
0.02966344045496433 	 0.008451220239166026
0.030137971112092696 	 0.00858583368192229
0.03062009290973277 	 0.008722581840718755
0.031109927284536567 	 0.008861498264006364
0.031607597615797026 	 0.009002617017665165
0.032113229256524746 	 0.009145972692667178
0.03262694956502195 	 0.009291600412842334
0.033148887936961295 	 0.009439535842748484
0.033679175837978116 	 0.009589815195646563
0.03421794683678392 	 0.009742475241581904
0.03476533663880957 	 0.009897553315572767
0.03532148312038675 	 0.010055087325907031
0.035886526363476265 	 0.01021511576254816
0.0364606086909517 	 0.010377677705651412
0.03704387470244773 	 0.010542812834191173
0.03763647131078186 	 0.01071056143470069
0.03823854777895868 	 0.01088096441012484
0.03885025575776619 	 0.011054063288787287
0.03947174932397363 	 0.011229900233472622
0.04010318501914017 	 0.011408518050624707
0.04074472188904454 	 0.011589960199662078
0.041396521523745546 	 0.011774270802411335
0.042058748098283166 	 0.011961494652659426
0.04273156841403095 	 0.012151677225825774
0.04341515194070989 	 0.012344864688755007
0.04410967085907444 	 0.012541103909631392
0.04481530010428122 	 0.012740442468015579
0.04553221740995167 	 0.012942928665004627
0.04626060335293961 	 0.01314861153351602
0.04700064139881475 	 0.013357540848696664
0.047752517948073926 	 0.013569767138457235
0.04851642238309173 	 0.013785341694133165
0.04929254711582188 	 0.01400431658127236
0.05008108763626197 	 0.014226744650550866
0.05088224256169347 	 0.01445267954881676
0.051696213686709236 	 0.014682175730263121
0.0525232060340415 	 0.01491528846773048
0.053363427906203034 	 0.015152073864139484
0.05421709093795413 	 0.015392588864054025
0.05508441014960914 	 0.01563689126537574
0.05596560400119583 	 0.015885039731169653
0.05686089444748083 	 0.016137093801622125
0.05777050699387557 	 0.016393113906130696
0.05869467075323663 	 0.016653161375526807
0.05963361850357438 	 0.016917298454431
0.06058758674668513 	 0.017185588313741267
0.061556815767721186 	 0.017458095063254485
0.06254154969571361 	 0.01773488376442096
0.06354203656506349 	 0.01801602044323224
0.0645585283780166 	 0.018301572103242052
0.06559128116813787 	 0.018591606738720262
0.06664055506480077 	 0.018886193347939707
0.06770661435870864 	 0.01918540194659558
0.0687897275684644 	 0.019489303581357177
0.0698901675082045 	 0.019797970343551397
0.07100821135631546 	 0.02011147538297765
0.07214414072524958 	 0.020429892921853675
0.07329824173245708 	 0.02075329826889125
0.07447080507245343 	 0.021081767833501536
0.07566212609003943 	 0.02141537914012885
0.07687250485469238 	 0.021754210842711907
0.0781022462361475 	 0.022098342739271803
0.0793516599811886 	 0.022447855786625212
0.08062106079166668 	 0.022802832115221768
0.08191076840376708 	 0.023163355044103995
0.08322110766854458 	 0.023529509095988704
0.08455240863374655 	 0.0239013800124676
0.08590500662694535 	 0.024279054769325962
0.08727924234000065 	 0.02466262159197715
0.0886754619148725 	 0.02505216997101074
0.09009401703080755 	 0.025447790677852678
0.09153526499292007 	 0.025849575780534467
0.09299956882218949 	 0.02625761865956924
0.09448729734689819 	 0.026672014023932128
0.09599882529553173 	 0.027092857927141757
0.09753453339116554 	 0.02752024778344035
0.09909480844736095 	 0.027954282384068687
0.10068004346559582 	 0.02839506191363307
0.10229063773425376 	 0.028842687966560594
0.10392699692919644 	 0.02929726356363857
0.10558953321594515 	 0.029758893168634813
0.10727866535349713 	 0.030227682704994104
0.1089948187998021 	 0.030703739572606574
0.11073842581892655 	 0.03118717266464339
0.11250992558993243 	 0.03167809238445506
0.11430976431749715 	 0.03217661066252679
0.11613839534430345 	 0.032682840973486005
0.1179962792652275 	 0.03319689835315623
0.11988388404335297 	 0.033718899415651336
0.1218016851278415 	 0.03424896237050409
0.12375016557368891 	 0.03478720703982267
0.12572981616339654 	 0.035333754875468124
0.12774113553058944 	 0.03588872897624596
0.12978463028561238 	 0.036452254105104324
0.13186081514313408 	 0.0370244567063313
0.1339702130517937 	 0.03760546492274289
0.1361133553259212 	 0.038195408612853934
0.13829078177936366 	 0.03879441936802248
0.14050304086145446 	 0.03940263052955912
0.1427506897951561 	 0.040020177205791735
0.14503429471741264 	 0.04064719628907514
0.14735443082174923 	 0.041283826472736554
0.14971168250315092 	 0.04193020826794499
0.15210664350525957 	 0.042586484020494135
0.15453991706992656 	 0.04325279792748737
0.15701211608915683 	 0.04392929605391244
0.15952386325948317 	 0.044616126349093066
0.16207579123881194 	 0.045313438663006
0.16466854280577609 	 0.046021384762448346
0.16730277102163754 	 0.04674011834704219
0.16997913939478104 	 0.04746979506506238
0.17269832204783783 	 0.04821057252907151
0.17546100388748295 	 0.04896261033134735
0.17826788077695022 	 0.049726070059086656
0.18111965971130553 	 0.05050111530936851
0.18401705899552395 	 0.05128791170385926
0.18696080842541718 	 0.052086626903243276
0.18995164947145368 	 0.05289743062135857
0.1929903354655194 	 0.05372049463901966
0.19607763179066798 	 0.05455599281750801
0.19921431607390427 	 0.05540410111170894
0.20240117838205252 	 0.05626499758287387
0.2056390214207589 	 0.05713886241098711
0.20892866073667649 	 0.058025877906713604
0.21227092492288385 	 0.05892622852290449
0.21566665582759223 	 0.05984010086563745
0.21911670876618927 	 0.06076768370476555
0.22262195273667484 	 0.0617091679839501
0.22618327063854524 	 0.06266474683015082
0.22980155949517697 	 0.06363461556254604
0.23347773067976782 	 0.06461897170085477
0.23721271014489473 	 0.06561801497303209
0.2410074386557416 	 0.0666319473223074
0.24486287202705811 	 0.0676609729135355
0.24877998136391152 	 0.06870529813882871
0.25275975330628736 	 0.06976513162243693
0.25680319027760334 	 0.07084068422484249
0.26091131073720103 	 0.07193216904603598
0.26508514943687295 	 0.07303980142793574
0.26932575768149736 	 0.07416379895591681
0.27363420359383966 	 0.07530438145940974
0.27801157238359 	 0.07646177101153144
0.28245896662070696 	 0.07763619192770947
0.2869775065131319 	 0.07882787076325697
0.29156833018894535 	 0.08003703630985728
0.29623259398304014 	 0.08126391959091675
0.30097147272837776 	 0.08250875385573868
0.30578616005190373 	 0.08377177457247481
0.31067786867520003 	 0.08505321941980923
0.3156478307199438 	 0.08635332827732337
0.3206972980182526 	 0.08767234321449656
0.3258275424279978 	 0.08901050847829109
0.331039856153158 	 0.09036807047926904
0.33633555206929855 	 0.09174527777619028
0.3417159640542597 	 0.09314238105903695
0.3471824473241324 	 0.09455963313040877
0.35273637877460845 	 0.09599728888523336
0.3583791573277947 	 0.09745560528873386
0.36411220428457186 	 0.09893484135259467
0.3699369636825902 	 0.10043525810926465
0.37585490265999527 	 0.1019571185843366
0.38186751182496903 	 0.10350068776693956
0.38797630563118257 	 0.10506623257807952
0.3941828227592585 	 0.10665402183686394
0.40048862650433176 	 0.10826432622454094
0.40689530516981093 	 0.1098974182462863
0.4134044724674417 	 0.11155357219066883
0.4200177679237669 	 0.11323306408672144
0.4267368572930883 	 0.11493617165854622
0.4335634329770389 	 0.1166631742773812
0.4404992144508632 	 0.11841435291105094
0.4475459486965164 	 0.12018999007072621
0.45470541064269626 	 0.1219903697549164
0.4619794036119103 	 0.1238157773906121
0.4693697597746944 	 0.12566649977150077
0.47687834061110196 	 0.12754282499317315
0.4845070373795717 	 0.12944504238523752
0.4922577715932951 	 0.13137344244025712
0.5001324955042099 	 0.1333283167394282
0.5081331925947307 	 0.13530995787491013
0.5162618780773465 	 0.13731865936872123
0.5245205994022143 	 0.13935471558811316
0.532911436772869 	 0.14141842165733348
0.5414365036701824 	 0.143510073365686
0.5500979473847092 	 0.14562996707179995
0.5588979495575439 	 0.1477783996040145
0.5678387267298306 	 0.14995566815678563
0.5769225309010672 	 0.15216207018302536
0.586151650096337 	 0.15439790328227582
0.5955284089426135 	 0.15666346508462609
0.6050551692542908 	 0.1589590531302778
0.6147343306280719 	 0.1612849647446622
0.6245683310473819 	 0.1636414969090162
0.6345596474964451 	 0.16602894612632052
0.6447107965841845 	 0.16844760828250538
0.6550243351781083 	 0.1708977785028287
0.6655028610483309 	 0.17337975100333247
0.6761490135218958 	 0.17589381893728126
0.6869654741475727 	 0.17844027423649247
0.6979549673712828 	 0.18101940744746156
0.7091202612223292 	 0.18363150756219235
0.7204641680106109 	 0.18627686184364228
0.7319895450349848 	 0.1889557556456897
0.7436992953029583 	 0.19166847222753713
0.7555963682619025 	 0.19441529256246542
0.7676837605419552 	 0.1971964951408489
0.7799645167108092 	 0.20001235576735396
0.7924417300405813 	 0.20286314735223882
0.8051185432869414 	 0.20574913969667658
0.8179981494807077 	 0.20867059927202475
0.8310837927321093 	 0.21162778899297466
0.84437876904791 	 0.21462096798450703
0.8578864271616026 	 0.21765039134259023
0.871610169376891 	 0.2207163098885639
0.8855534524246597 	 0.22381896991714662
0.8997197883336499 	 0.226958612938018
0.9141127453150744 	 0.23013547541093132
0.9287359486613739 	 0.2333497884743081
0.943593081659352 	 0.2366017776672862
0.9586878865179247 	 0.23989166264518885
0.974024165310705 	 0.24321965688838978
0.9896057809336639 	 0.24658596740456026
1.0054366580781213 	 0.24999079442429115
1.0215207842192928 	 0.25343433109008456
1.0378622106206503 	 0.25691676313872375
1.054465053354359 	 0.26043826857704094
1.0713334943380284 	 0.2639990173511032
1.0884717823880499 	 0.26759917100885205
1.1058842342897925 	 0.2712388823562465
1.1235752358849103 	 0.2749182951069588
1.141549243176043 	 0.27863754352569353
1.159810783449199 	 0.28239675206521053
1.1783644564140836 	 0.2861960349971383
1.197214935362667 	 0.2900354960366852
1.2163669683463008 	 0.2939152279613684
1.2358253793716485 	 0.29783531222388604
1.2555950696157545 	 0.3017958185592859
1.275681018660555 	 0.30579680458659037
1.2960882857471308 	 0.309838315405054
1.3168220110500235 	 0.3139203831852511
1.3378874169719488 	 0.31804302675520546
1.3592898094592034 	 0.32220625118178925
1.3810345793381338 	 0.3264100473476449
1.4031272036729712 	 0.33065439152389225
1.4255732471453888 	 0.33493924493891286
1.4483783634561398 	 0.33926455334351974
1.4715482967491054 	 0.34363024657283986
1.4950888830581217 	 0.34803623810526124
1.5190060517769692 	 0.3524824246188246
1.543305827152859 	 0.35696868554544786
1.567994329803815 	 0.3614948826234106
1.5930777782603414 	 0.3660608594485454
1.618562490531739 	 0.37066644102460145
1.6444548856974788 	 0.37531143331328115
1.670761485524046 	 0.3799956227844719
1.6974889161076363 	 0.3847187759672215
1.7246439095431279 	 0.3894806390020343
1.7522333056197703 	 0.39428093719509455
1.7802640535439826 	 0.3991193745750476
1.8087432136897112 	 0.40399563345300055
1.8376779593768044 	 0.4089093739864389
1.8670755786778213 	 0.4138602337477712
1.8969434762537416 	 0.41884782729825637
1.927289175219061 	 0.42387174576809644
1.958120319036705 	 0.4289315564435
1.989444673443254 	 0.4340268023615582
2.0212701284049874 	 0.4391570019138086
2.0536047001051987 	 0.4443216484593841
2.086456532963302 	 0.4495202099486783
2.119833901686259 	 0.4547521285584933
2.153745213352801 	 0.4600168203396598
2.188199009530995 	 0.46531367487814684
2.223203968429705 	 0.4706420549707198
2.2587689070844466 	 0.47600129631621774
2.294902783578213 	 0.48139070722355953
2.3316146992978477 	 0.4868095683376163
2.368913901226491 	 0.49225713238410207
2.406809784272699 	 0.49773262393467305
2.4453118936368456 	 0.5032352391934466
2.4844299272153525 	 0.5087641458061607
2.5241737380433897 	 0.5143184826932384
2.564553336776665 	 0.519897359908022
2.605578894212898 	 0.525499858521469
2.6472607438536295 	 0.5311250305346089
2.689609384507034 	 0.5367718988200935
2.73263548293235 	 0.5424394570941523
2.776349876526608 	 0.548126669920307
2.820763576054368 	 0.5538324727461809
2.865887768421099 	 0.5595557719747537
2.911733819490923 	 0.5652954450714098
2.9583132769494638 	 0.5710503407081263
3.005637873212451 	 0.5768192789461323
3.0537195283808987 	 0.582601051458377
3.1025703532435234 	 0.5883944217931119
3.152202652327199 	 0.594198125679882
3.202628926996233 	 0.6000108713792072
3.253861878601196 	 0.6058313400771865
3.305914411678124 	 0.6116581863262457
3.3587996371989277 	 0.6174900385332035
3.412530875873767 	 0.6233254994957862
3.46712166150626 	 0.6291631469886797
3.5225857444023885 	 0.6350015344001532
3.5789370948339125 	 0.6408391914202235
3.6361899065571848 	 0.6466746247812747
3.6943586003882904 	 0.6525063190519685
3.753457827835347 	 0.6583327374852064
3.8135024747889066 	 0.6641523229208207
3.874507665271433 	 0.669963498743587
3.936488765246723 	 0.6757646698970388
3.9994613864902675 	 0.6815542239534802
4.063441390521563 	 0.687330532240469
4.128444892599291 	 0.6930919510239307
4.194488265780418 	 0.6988368227479351
4.261588145044249 	 0.7045634773310465
4.329761431482436 	 0.7102702335190059
4.399025296556 	 0.7159554002933672
4.469397186420502 	 0.7216172783355649
4.540894826320359 	 0.7272541615457098
4.613536225053455 	 0.7328643386152692
4.687339679507224 	 0.7384460946526084
4.762323779267247 	 0.7439977128601787
4.838507411299568 	 0.7495174762619786
4.915909764707974 	 0.7550036694797123
4.9945503355673235 	 0.7604545805558733
5.074448931834189 	 0.765868502821792
5.155625678336112 	 0.7712437368084819
5.238101021840624 	 0.7765785921979056
5.321895736205348 	 0.7818713898120814
5.407030927610546 	 0.787120463637238
5.493528039875321 	 0.7923241628800063
5.581408859858858 	 0.7974808540524285
5.6706955229481215 	 0.8025889230823505
5.761410518633297 	 0.807646777445544
5.853576696172413 	 0.8126528483156955
5.947217270346642 	 0.8176055927281954
6.042355827307609 	 0.8225034957534398
6.1390163305182455 	 0.8273450726751674
6.237223126788736 	 0.8321288711691563
6.337000952408963 	 0.8368534734774082
6.438374939379053 	 0.841517498572771
6.541370621739659 	 0.8461196043087827
6.6460139420034405 	 0.8506584895493466
6.752331257689433 	 0.8551328962727035
6.860349347962021 	 0.8595416116440342
6.9700954203760075 	 0.8638834700508884
7.081597117729688 	 0.8681573550955454
7.19488252502749 	 0.8723622015383068
7.3099801765539905 	 0.8764969971856594
7.426919063061165 	 0.8805607847171926
7.545728639070543 	 0.8845526634451151
7.666438830292179 	 0.8884717910002201
7.789080041162378 	 0.8923173849381513
7.9136831625019255 	 0.8960887242598669
8.040279579296834 	 0.8997851508402599
8.16890117860363 	 0.9034060707589916
8.299580357581025 	 0.9069509555277022
8.432350031650081 	 0.9104193432079234
8.56724364278498 	 0.9138108394141872
8.704295167936351 	 0.9171251181970326
8.843539127589343 	 0.9203619228008493
8.985010594458688 	 0.9235210662917712
9.128745202322774 	 0.9266024320511188
9.27477915499904 	 0.9296059741302294
9.423149235463038 	 0.9325317174628709
9.573892815113279 	 0.9353797579318197
9.727047863184305 	 0.9381502622866094
9.882652956310423 	 0.940843467909899
10.04074728824234 	 0.9434596824303882
10.201370679719236 	 0.9459992831807033
10.36456358849887 	 0.9484627164992123
10.53036711954802 	 0.9508504968752662
10.698823035395963 	 0.9531632059379385
10.869973766653663 	 0.9554014912889256
11.043862422701151 	 0.9575660651808697
11.220532802545861 	 0.9596577030429859
11.400029405854776 	 0.961677241856507
11.582397444162948 	 0.9636255783830907
11.76768285226134 	 0.9655036672499747
11.955932299766916 	 0.9673125188963096
12.147193202877748 	 0.9690531973857308
12.34151373631614 	 0.9707268180908641
12.538942845462937 	 0.9723345452560812
12.739530258685836 	 0.9738775894454177
12.9433264998649 	 0.9753572048831585
13.150382901118592 	 0.9767746866951537
13.360751615733182 	 0.9781313680594607
13.574485631299185 	 0.9794286172754108
13.79163878305781 	 0.9806678347606641
14.012265767460963 	 0.9818504499862436
14.236422155948208 	 0.982977918359916
14.464164408943954 	 0.9840517180686281
14.695549890078865 	 0.9850733468909844
14.93063688063847 	 0.9860443189909811
15.169484594243063 	 0.986966161704386
15.4121531917624 	 0.9878404123292605
15.658703796469037 	 0.9886686149321712
15.909198509433903 	 0.9894523171816241
16.163700425168482 	 0.9901930672201715
16.422273647516917 	 0.990892410586497
16.68498330580248 	 0.9915518871985697
16.95189557123233 	 0.9921730284086785
17.22307767356473 	 0.992757354140814
17.498597918042694 	 0.9933063701204504
17.77852570259892 	 0.9938215652063118
18.062931535335547 	 0.9943044088331703
18.35188705228378 	 0.994756348574134
18.645465035447497 	 0.9951788078302376
18.943739431135644 	 0.9955731836544536
19.246785368587602 	 0.9959408447165015
19.55467917889698 	 0.996283129414053
19.86749841423767 	 0.9966013441351165
20.185321867397736 	 0.9968967616755372
20.508229591625675 	 0.9971706198146866
20.83630292079427 	 0.9974241200515306
21.169624489886743 	 0.997658426502372
21.508278255811096 	 0.997874664960674
21.85234951854695 	 0.9980739221184739
22.20192494263095 	 0.9982572449480293
22.557092578985795 	 0.9984256402414688
22.91794188709833 	 0.9985800743053979
23.28456375755281 	 0.9987214728065995
23.657050534924227 	 0.9988507207642174
24.035496041038048 	 0.9989686626830864
24.419995598602043 	 0.9990761028222119
24.810646055216164 	 0.9991738055917909
25.20754580776629 	 0.9992624960716141
25.61079482720869 	 0.9993428606432081
26.020494683750478 	 0.9994155477276541
26.43674857243312 	 0.9994811686206745
26.859661339125164 	 0.9995402984163031
27.289339506930837 	 0.9995934770102498
27.72589130302081 	 0.999641210173943
28.169426685892752 	 0.9996839706901772
28.62005737306743 	 0.9997221995413035
29.077896869228095 	 0.999756307140992
29.54306049481004 	 0.9997866746007403
30.015665415047486 	 0.9998136550225215
30.495830669484906 	 0.999837574809234
30.983677201961008 	 0.9998587349849527
31.479327891071776 	 0.9998774125173504
31.982907581121157 	 0.9998938616350874
32.494543113566785 	 0.9999083151334278
33.01436335896882 	 0.9999209856618321
33.542499249449584 	 0.9999320669877974
34.079083811673044 	 0.9999417352317563
34.62425220035127 	 0.9999501500683954
35.17814173228723 	 0.9999574558903155
35.74089192096209 	 0.9999637829305176
36.31264451167587 	 0.9999692483407489
36.89354351724992 	 0.999973957223294
37.483735254301244 	 0.9999780036143219
38.0833683800964 	 0.9999814714174083
38.69259392999528 	 0.9999844352863395
39.31156535549385 	 0.9999869614567584
39.940438562875535 	 0.9999891085266391
40.579371952480514 	 0.9999909281859676
41.22852645860402 	 0.9999924658963618
41.88806559003208 	 0.999993761521684
42.558155471226115 	 0.999994849910977
43.23896488416634 	 0.9999957614353042
43.930665310864555 	 0.9999965224802703
44.63343097655663 	 0.9999971558961781
45.347438893586826 	 0.9999976814079032
46.07286890599324 	 0.9999981159866698
46.809903734806916 	 0.9999984741859778
47.558729024075596 	 0.9999987684439703
48.319533387623714 	 0.9999990093545393
49.09250845656003 	 0.9999992059094513
49.87784892754616 	 0.9999993657137427
50.6757526118363 	 0.9999994951765753
51.48642048510196 	 0.9999995996796711
52.310056738053746 	 0.9999996837253617
53.1468688278724 	 0.9999997510661881
53.997067530463696 	 0.9999998048178852
54.86086699354812 	 0.9999998475574701
55.738484790600474 	 0.999999881408042
56.63014197565218 	 0.9999999081117824
57.536063138970384 	 0.9999999290925278
58.456476463627226 	 0.999999945509171
59.391613782975185 	 0.999999958301037
60.34171063904071 	 0.9999999682262661
61.30700634185258 	 0.9999999758941375
62.287744029719214 	 0.9999999817921649
63.28417073047039 	 0.999999986308707
64.296537423678 	 0.9999999897517444
65.32509910387344 	 0.9999999923644016
66.37011484477507 	 0.9999999943377159
67.43184786454367 	 0.9999999958210903
68.51056559208178 	 0.9999999969308097
69.60653973439368 	 0.9999999977569424
70.72004634502235 	 0.999999998368908
71.8513658935825 	 0.9999999988199426
73.00078333640462 	 0.9999999991506651
74.16858818830983 	 0.999999999391907
75.35507459553271 	 0.9999999995669483
76.56054140981098 	 0.9999999996932737
77.78529226365943 	 0.999999999783944
79.02963564684975 	 0.9999999998486624
80.29388498411224 	 0.9999999998945968
81.57835871408116 	 0.9999999999270126
82.88338036950303 	 0.9999999999497555
84.20927865872802 	 0.9999999999656176
85.55638754850426 	 0.9999999999766145
86.92504634809826 	 0.9999999999841919
88.31559979475932 	 0.9999999999893808
89.72839814055195 	 0.9999999999929117
91.16379724057727 	 0.9999999999952991
92.62215864260584 	 0.9999999999969028
94.10384967814338 	 0.999999999997973
95.60924355495526 	 0.9999999999986824
97.13871945106915 	 0.9999999999991493
98.69266261028243 	 0.9999999999994547
100.27146443919727 	 0.9999999999996528
101.87552260580814 	 0.9999999999997806
103.50524113966546 	 0.9999999999998623
105.16103053364367 	 0.9999999999999143
106.84330784733515 	 0.999999999999947
108.55249681209928 	 0.9999999999999676
110.28902793779169 	 0.9999999999999802
112.05333862120115 	 0.9999999999999881
113.84587325622006 	 0.9999999999999929
115.66708334577945 	 0.9999999999999958
117.51742761557256 	 0.9999999999999976
119.39737212959871 	 0.9999999999999986
121.30739040755547 	 0.9999999999999991
123.24796354410779 	 0.9999999999999996
125.21958033006726 	 0.9999999999999998
127.22273737550765 	 0.9999999999999999
129.2579392348511 	 0.9999999999999999
131.32569853395512 	        1.0
133.42653609923275 	        1.0
135.56098108883722 	        1.0
137.7295711259475 	        1.0
139.93285243418376 	        1.0
142.17137997519006 	        1.0
144.44571758841798 	        1.0
146.7564381331465 	        1.0
149.10412363277246 	        1.0
151.48936542141217 	        1.0
153.91276429284514 	        1.0
156.3749306518422 	        1.0
158.87648466791387 	        1.0
161.41805643151895 	        1.0
164.0002861127699 	        1.0
166.62382412268093 	        1.0
169.28933127699156 	        1.0
171.99747896261331 	        1.0
174.74894930673818 	        1.0
177.54443534865308 	        1.0
180.3846412143007 	        1.0
183.27028229363677 	        1.0
186.20208542082068 	        1.0
189.1807890572906 	        1.0
192.2071434777669 	        1.0
195.2819109592313 	        1.0
198.4058659729275 	        1.0
201.57979537943694 	        1.0
204.80449862687144 	        1.0
208.08078795223818 	        1.0
211.4094885860258 	        1.0
214.7914389600634 	        1.0
218.2274909187028 	        1.0
221.7185099333833 	        1.0
225.26537532062466 	        1.0
228.86898046350927 	        1.0
232.5302330367073 	        1.0
236.25005523510188 	        1.0
240.0293840060692 	        1.0
243.86917128547938 	        1.0
247.77038423746785 	        1.0
251.73400549804464 	        1.0
255.76103342260043 	        1.0
259.85248233737246 	        1.0
264.0093827949305 	        1.0
268.23278183375515 	        1.0
272.52374324196353 	        1.0
276.883347825256 	        1.0
281.31269367915024 	        1.0
285.8128964655662 	        1.0
290.3850896938424 	        1.0
295.03042500624156 	        1.0
299.7500724680261 	        1.0
304.54522086217395 	        1.0
309.4170779888094 	        1.0
314.36687096942075 	        1.0
319.3958465559508 	        1.0
324.505271444826 	        1.0
329.6964325960119 	        1.0
334.9706375571723 	        1.0
340.3292147930144 	        1.0
345.77351401989915 	        1.0
351.3049065458118 	        1.0
356.92478561576297 	        1.0
362.6345667627202 	        1.0
368.43568816415126 	        1.0
374.32961100427264 	        1.0
380.317819842089 	        1.0
386.4018229853281 	        1.0
392.5831528703494 	        1.0
398.86336644813457 	        1.0
405.2440455764514 	        1.0
411.72679741829273 	        1.0
418.3132548466844 	        1.0
425.0050768559779 	        1.0
431.80394897971365 	        1.0
438.7115837151737 	        1.0
445.7297209547244 	        1.0
452.8601284240614 	        1.0
460.1046021274593 	        1.0
467.46496680015474 	        1.0
474.9430763679556 	        1.0
482.54081441420874 	        1.0
490.2600946542358 	        1.0
498.10286141736015 	        1.0
506.07109013663995 	        1.0
514.1667878464452 	        1.0
522.3919936879853 	        1.0
530.7487794229274 	        1.0
539.2392499552316 	        1.0
547.8655438613339 	        1.0
556.6298339288062 	        1.0
565.5343277036434 	        1.0
574.5812680462947 	        1.0
583.7729336965958 	        1.0
593.1116398477384 	        1.0
602.5997387294149 	        1.0
612.2396202003043 	        1.0
622.0337123500246 	        1.0
631.98448211072 	        1.0
642.0944358784304 	        1.0
652.3661201444037 	        1.0
662.8021221364986 	        1.0
673.4050704708636 	        1.0
684.1776358140257 	        1.0
695.1225315555788 	        1.0
706.2425144916307 	        1.0
717.5403855191854 	        1.0
729.0189903416266 	        1.0
740.6812201855004 	        1.0
752.5300125287512 	        1.0
764.5683518406132 	        1.0
776.7992703333381 	        1.0
789.2258487259487 	        1.0
801.851217020203 	        1.0
814.6785552889872 	        1.0
827.7110944773052 	        1.0
840.952117216089 	        1.0
854.404958649027 	        1.0
868.0730072726196 	        1.0
881.9597057896665 	        1.0
896.0685519764229 	        1.0
910.4030995636115 	        1.0
924.9669591315367 	        1.0
939.7637990195154 	        1.0
954.7973462498602 	        1.0
970.0713874666311 	        1.0
985.5897698894264 	        1.0
1001.356402282411 	        1.0
1017.3752559388564 	        1.0
1033.6503656814282 	        1.0
1050.1858308784786 	        1.0
1066.9858164765835 	        1.0
1084.054554049623 	        1.0
1101.3963428646173 	        1.0
1119.0155509646286 	        1.0
1136.9166162689812 	        1.0
1155.1040476910853 	        1.0
1173.5824262741312 	        1.0
1192.3564063449746 	        1.0
1211.4307166864571 	        1.0
1230.8101617284935 	        1.0
1250.499622758208 	        1.0
1270.504059149435 	        1.0
1290.8285096118736 	        1.0
1311.4780934602509 	        1.0
1332.4580119037632 	        1.0
1353.7735493561565 	        1.0
1375.4300747667662 	        1.0
1397.433042972834 	        1.0
1419.7879960734883 	        1.0
1442.5005648256724 	        1.0
1465.576470062423 	        1.0
1489.021524133829 	        1.0
1512.841632371049 	        1.0
1537.04279457373 	        1.0
1561.631106521254 	        1.0
1586.6127615081284 	        1.0
1611.9940519039524 	        1.0
1637.781370738338 	        1.0
1663.9812133111866 	        1.0
1690.6001788287097 	        1.0
1717.644972065653 	        1.0
1745.1224050540818 	        1.0
1773.0393987991931 	        1.0
1801.4029850225786 	        1.0
1830.2203079333738 	        1.0
1859.4986260277244 	        1.0
1889.2453139170766 	        1.0
1919.467864185675 	        1.0
1950.1738892777962 	        1.0
1981.3711234151694 	        1.0
2013.0674245450714 	        1.0
2045.270776319568 	        1.0
2077.989290106458 	        1.0
2111.231207032344 	        1.0
2145.00490005841 	        1.0
2179.318876089397 	        1.0
2214.1817781163254 	        1.0
2249.602387393471 	        1.0
2285.5896256502083 	        1.0
2322.1525573381955 	        1.0
2359.3003919145303 	        1.0
2397.042486161424 	        1.0
2435.388346542988 	        1.0
2474.347631599701 	        1.0
2513.9301543812244 	        1.0
2554.145884918093 	        1.0
2595.004952732967 	        1.0
2636.51764939205 	        1.0
2678.694431097332 	        1.0
2721.5459213202726 	        1.0
2765.0829134776664 	        1.0
2809.3163736502656 	        1.0
2854.257443344917 	        1.0
2899.917442300881 	        1.0
2946.307871341046 	        1.0
2993.4404152687316 	        1.0
3041.3269458108866 	        1.0
3089.979524608309 	        1.0
3139.410406253737 	        1.0
3189.6320413785343 	        1.0
3240.657079788726 	        1.0
3292.4983736512672 	        1.0
3345.1689807312123 	        1.0
3398.6821676807085 	        1.0
3453.0514133805964 	        1.0
3508.290412335469 	        1.0
3564.4130781230115 	        1.0
3621.433546898593 	        1.0
3679.366180955842 	        1.0
3738.2255723442277 	        1.0
3798.026546544496 	        1.0
3858.7841662029164 	        1.0
3920.5137349252223 	        1.0
3983.2308011313253 	        1.0
4046.951161971614 	        1.0
4111.690867305941 	        1.0
4177.466223746255 	        1.0
4244.293798763917 	        1.0
4312.190424862666 	        1.0
4381.173203818444 	        1.0
4451.259510986943 	        1.0
4522.466999680115 	        1.0
4594.813605612682 	        1.0
4668.3175514197865 	        1.0
4742.9973512468605 	        1.0
4818.87181541302 	        1.0
4895.960055148966 	        1.0
4974.281487410718 	        1.0
5053.855839770354 	        1.0
5134.703155384991 	        1.0
5216.843798045208 	        1.0
5300.298457304332 	        1.0
5385.088153689671 	        1.0
5471.23424399717 	        1.0
5558.758426670749 	        1.0
5647.682747267712 	        1.0
5738.029604011529 	        1.0
5829.821753433558 	        1.0
5923.082316104906 	        1.0
6017.834782460041 	        1.0
6114.1030187135575 	        1.0
6211.911272871595 	        1.0
6311.284180839371 	        1.0
6412.246772626538 	        1.0
6514.82447865168 	        1.0
6619.043136147731 	        1.0
6724.928995669864 	        1.0
6832.508727707409 	        1.0
6941.809429401693 	        1.0
7052.858631371199 	        1.0
7165.684304645988 	        1.0
7280.314867713021 	        1.0
7396.7791936742215 	        1.0
7515.106617518954 	        1.0
7635.326943513004 	        1.0
7757.470452705603 	        1.0
7881.567910556622 	        1.0
8007.650574685768 	        1.0
8135.75020274575 	        1.0
8265.899060421327 	        1.0
8398.129929556464 	        1.0
8532.47611641136 	        1.0
8668.971460051616 	        1.0
8807.65034087162 	        1.0
8948.54768925427 	        1.0
9091.698994369168 	        1.0
9237.14031311172 	        1.0
9384.90827918506 	        1.0
9535.040112327351 	        1.0
9687.573627686683 	        1.0
9842.547245345948 	        1.0
   10000.0 	        1.0
