#scaled time 	 ecdf 
0.0019196050192098004 	        0.0
0.001935644675327099 	        0.0
0.0019518183541031148 	        0.0
0.001968127175391847 	        0.0
0.0019845722684044657 	        0.0
0.0020011547717874974 	        0.0
0.00201787583370167 	        0.0
0.002034736611901398 	        0.0
0.0020517382738149573 	        0.0
0.0020688819966253086 	        0.0
0.0020861689673516096 	        0.0
0.002103600382931401 	        0.0
0.002121177450303483 	        0.0
0.0021389013864914794 	        0.0
0.0021567734186881127 	        0.0
0.0021747947843401617 	        0.0
0.0021929667312341485 	        0.0
0.0022112905175827335 	        0.0
0.0022297674121118335 	        0.0
0.0022483986941484657 	        0.0
0.002267185653709329 	        0.0
0.002286129591590123 	        0.0
0.002305231819455612 	        0.0
0.0023244936599304523 	        0.0
0.0023439164466907587 	        0.0
0.002363501524556452 	        0.0
0.002383250249584376 	        0.0
0.002403163989162185 	        0.0
0.002423244122103026 	        0.0
0.0024434920387410002 	        0.0
0.0024639091410274365 	        0.0
0.0024844968426279523 	        0.0
0.002505256569020349 	        0.0
0.0025261897575932935 	        0.0
0.002547297857745854 	        0.0
0.0025685823309878515 	        0.0
0.002590044651041054 	        0.0
0.002611686303941216 	        0.0
0.002633508788140971 	        0.0
0.002655513614613579 	        0.0
0.0026777023069575593 	        0.0
0.0027000764015021636 	        0.0
0.0027226374474137623 	        0.0
0.0027453870068031064 	        0.0
0.0027683266548334854 	        0.0
0.002791457979829791 	        0.0
0.0028147825833884908 	        0.0
0.0028383020804885204 	        0.0
0.002862018099603114 	        0.0
0.0028859322828125407 	        0.0
0.0029100462859178145 	        0.0
0.002934361778555335 	        0.0
0.0029588804443124953 	        0.0
0.0029836039808442496 	        0.0
0.0030085340999906588 	        0.0
0.0030336725278954165 	        0.0
0.003059021005125364 	        0.0
0.0030845812867910175 	        0.0
0.003110355142668071 	        0.0
0.0031363443573199498 	        0.0
0.003162550730221366 	        0.0
0.0031889760758829146 	        0.0
0.0032156222239767083 	        0.0
0.0032424910194630637 	        0.0
0.003269584322718244 	        0.0
0.0032969040096632657 	        0.0
0.0033244519718938033 	        0.0
0.0033522301168111375 	        0.0
0.0033802403677542386 	        0.0
0.003408484664132932 	        0.0
0.003436964961562183 	        0.0
0.0034656832319975017 	        0.0
0.0034946414638714752 	        0.0
0.0035238416622314656 	        0.0
0.003553285848878395 	        0.0
0.003582976062506787 	        0.0
0.0036129143588458845 	        0.0
0.003643102810802003 	        0.0
0.0036735435086020546 	        0.0
0.0037042385599382753 	        0.0
0.0037351900901141577 	        0.0
0.003766400242191603 	        0.0
0.0037978711771393205 	        0.0
0.003829605073982428 	        0.0
0.0038616041299533413 	        0.0
0.0038938705606439052 	        0.0
0.003926406600158801 	        0.0
0.00395921450127023 	        0.0
0.0039922965355739005 	        0.0
0.004025654993646305 	        0.0
0.004059292185203319 	        0.0
0.004093210439260136 	        0.0
0.004127412104292506 	        0.0
0.0041618995483993565 	        0.0
0.0041966751594667544 	        0.0
0.004231741345333244 	        0.0
0.004267100533956558 	        0.0
0.004302755173581734 	        0.0
0.004338707732910626 	        0.0
0.00437496070127283 	        0.0
0.004411516588798067 	        0.0
0.004448377926589946 	        0.0
0.004485547266901244 	        0.0
0.004523027183310611 	        0.0
0.0045608202709007655 	        0.0
0.004598929146438175 	        0.0
0.00463735644855424 	        0.0
0.004676104837927991 	        0.0
0.004715176997470305 	        0.0
0.004754575632509691 	        0.0
0.004794303470979574 	        0.0
0.004834363263607195 	        0.0
0.0048747577841040625 	        0.0
0.004915489829358007 	        0.0
0.0049565622196268335 	        0.0
0.004997977798733583 	        0.0
0.00503973943426347 	        0.0
0.005081850017762388 	        0.0
0.005124312464937146 	        0.0
0.005167129715857344 	        0.0
0.005210304735158942 	        0.0
0.005253840512249525 	        0.0
0.005297740061515292 	        0.0
0.005342006422529769 	        0.0
0.005386642660264258 	        0.0
0.005431651865300082 	        0.0
0.005477037154042534 	        0.0
0.005522801668936683 	        0.0
0.005568948578684945 	        0.0
0.005615481078466487 	        0.0
0.00566240239015845 	        0.0
0.005709715762559038 	        0.0
0.005757424471612459 	        0.0
0.005805531820635743 	        0.0
0.005854041140547483 	        0.0
0.005902955790098438 	        0.0
0.005952279156104102 	        0.0
0.0060020146536792105 	        0.0
0.0060521657264741915 	        0.0
0.006102735846913608 	        0.0
0.006153728516436575 	        0.0
0.00620514726573923 	        0.0
0.006256995655019131 	        0.0
0.006309277274221842 	        0.0
0.006361995743289434 	        0.0
0.006415154712411158 	        0.0
0.006468757862276175 	        0.0
0.006522808904328406 	        0.0
0.006577311581023505 	        0.0
0.006632269666087982 	        0.0
0.006687686964780526 	        0.0
0.006743567314155401 	        0.0
0.00679991458332822 	        0.0
0.00685673267374376 	        0.0
0.006914025519446138 	        0.0
0.006971797087351182 	        0.0
0.00703005137752111 	        0.0
0.007088792423441482 	        0.0
0.007148024292300475 	        0.0
0.007207751085270516 	        0.0
0.0072679769377922065 	        0.0
0.00732870601986068 	        0.0
0.0073899425363143255 	        0.0
0.007451690727125929 	        0.0
0.007513954867696245 	        0.0
0.007576739269150021 	        0.0
0.007640048278634496 	        0.0
0.007703886279620389 	        0.0
0.007768257692205439 	        0.0
0.007833166973420397 	        0.0
0.007898618617537666 	        0.0
0.00796461715638247 	        0.0
0.008031167159646631 	        0.0
0.008098273235204978 	        0.0
0.008165940029434379 	        0.0
0.008234172227535499 	        0.0
0.008302974553857104 	        0.0
0.008372351772223292 	        0.0
0.008442308686263243 	        0.0
0.00851285013974386 	        0.0
0.00858398101690514 	        0.0
0.008655706242798357 	        0.0
0.00872803078362707 	        0.0
0.008800959647090965 	        0.0
0.008874497882732632 	        0.0
0.008948650582287098 	        0.0
0.009023422880034493 	        0.0
0.00909881995315545 	        0.0
0.009174847022089613 	        0.0
0.009251509350897087 	        0.0
0.00932881224762292 	        0.0
0.009406761064664619 	        0.0
0.009485361199142756 	        0.0
0.009564618093274687 	        0.0
0.009644537234751277 	        0.0
0.009725124157116991 	        0.0
0.009806384440152926 	        0.0
0.009888323710263205 	        0.0
0.009970947640864534 	        0.0
0.01005426195277902 	        0.0
0.010138272414630277 	        0.0
0.010222984843242858 	        0.0
0.010308405104044979 	        0.0
0.01039453911147467 	        0.0
0.010481392829389253 	        0.0
0.010568972271478298 	        0.0
0.010657283501679998 	        0.0
0.010746332634601037 	        0.0
0.01083612583593995 	        0.0
0.010926669322914057 	        0.0
0.011017969364689902 	        0.0
0.011110032282817348 	        0.0
0.011202864451667289 	        0.0
0.011296472298872972 	        0.0
0.011390862305775068 	        0.0
0.01148604100787043 	        0.0
0.011582014995264603 	        0.0
0.011678790913128113 	        0.0
0.0117763754621566 	        0.0
0.011874775399034724 	        0.0
0.011973997536904044 	        0.0
0.012074048745834714 	        0.0
0.01217493595330118 	        0.0
0.012276666144661835 	        0.0
0.012379246363642675 	        0.0
0.012482683712825 	        0.0
0.012586985354137192 	        0.0
0.012692158509350624 	        0.0
0.012798210460579643 	        0.0
0.012905148550785832 	        0.0
0.013012980184286389 	        0.0
0.013121712827266816 	        0.0
0.013231354008297872 	        0.0
0.013341911318856845 	        0.0
0.013453392413853167 	        0.0
0.013565805012158472 	        0.0
0.013679156897140991 	        0.0
0.013793455917204522 	        0.0
0.013908709986331801 	        0.0
0.01402492708463249 	        0.0
0.0141421152588957 	        0.0
0.014260282623147158 	        0.0
0.014379437359211 	        0.0
0.01449958771727628 	        0.0
0.014620742016468232 	        0.0
0.01474290864542423 	        0.0
0.01486609606287467 	        0.0
0.014990312798228588 	        0.0
0.015115567452164273 	        0.0
0.015241868697224754 	        0.0
0.015369225278418285 	        0.0
0.015497646013823837 	        0.0
0.015627139795201677 	        0.0
0.015757715588608986 	        0.0
0.015889382435020714 	        0.0
0.01602214945095553 	        0.0
0.016156025829107055 	        0.0
0.016291020838980357 	        0.0
0.016427143827533783 	        0.0
0.016564404219826103 	        0.0
0.016702811519669118 	        0.0
0.016842375310285707 	        0.0
0.01698310525497331 	        0.0
0.017125011097773094 	        0.0
0.01726810266414453 	        0.0
0.017412389861645765 	        0.0
0.017557882680619592 	        0.0
0.017704591194885166 	        0.0
0.017852525562435526 	        0.0
0.01800169602614093 	        0.0
0.018152112914458028 	        0.0
0.01830378664214506 	        0.0
0.01845672771098289 	        0.0
0.018610946710502202 	        0.0
0.01876645431871668 	        0.0
0.018923261302862364 	        0.0
0.019081378520143157 	        0.0
0.01924081691848256 	        0.0
0.019401587537281734 	        0.0
0.019563701508183817 	        0.0
0.01972717005584468 	        0.0
0.019892004498710154 	        0.0
0.02005821624979966 	        0.0
0.020225816817496467 	        0.0
0.020394817806344497 	        0.0
0.020565230917851878 	        0.0
0.020737067951301064 	        0.0
0.02091034080456587 	        0.0
0.021085061474935236 	        0.0
0.021261242059943956 	        0.0
0.021438894758210255 	        0.0
0.021618031870280427 	        0.0
0.021798665799480525 	        0.0
0.021980809052775153 	        0.0
0.022164474241633456 	        0.0
0.022349674082902296 	        0.0
0.02253642139968678 	        0.0
0.0227247291222381 	        0.0
0.02291461028884888 	        0.0
0.02310607804675584 	        0.0
0.023299145653050177 	        0.0
0.023493826475595427 	        0.0
0.023690133993953113 	        0.0
0.023888081800315982 	        0.0
0.024087683600449165 	        0.0
0.024288953214639142 	        0.0
0.02449190457865064 	        0.0
0.02469655174469158 	        0.0
0.02490290888238597 	        0.0
0.025110990279755063 	        0.0
0.02532081034420659 	        0.0
0.025532383603532403 	        0.0
0.025745724706914285 	        0.0
0.025960848425938283 	        0.0
0.026177769655617474 	        0.0
0.026396503415423333 	        0.0
0.02661706485032559 	        0.0
0.026839469231840912 	        0.0
0.027063731959090256 	        0.0
0.027289868559865163 	        0.0
0.027517894691702797 	        0.0
0.02774782614297012 	        0.0
0.02797967883395706 	        0.0
0.028213468817978798 	        0.0
0.02844921228248734 	        0.0
0.028686925550192262 	        0.0
0.028926625080190907 	        0.0
0.029168327469108007 	        0.0
0.02941204945224485 	        0.0
0.02965780790473795 	        0.0
0.029905619842727525 	        0.0
0.03015550242453565 	        0.0
0.03040747295185435 	        0.0
0.030661548870943463 	        0.0
0.03091774777383867 	        0.0
0.031176087399569518 	        0.0
0.03143658563538773 	        0.0
0.03169926051800561 	        0.0
0.03196413023484495 	        0.0
0.032231213125296296 	        0.0
0.032500527681988745 	        0.0
0.03277209255207042 	        0.0
0.033045926538499505 	        0.0
0.03332204860134618 	        0.0
0.03360047785910541 	        0.0
0.03388123359002072 	        0.0
0.03416433523341896 	        0.0
0.03444980239105628 	        0.0
0.03473765482847534 	        0.0
0.03502791247637393 	        0.0
0.03532059543198485 	        0.0
0.03561572396046748 	        0.0
0.03591331849631094 	        0.0
0.03621339964474894 	        0.0
0.036515988183186486 	        0.0
0.03682110506263847 	        0.0
0.037128771409180306 	        0.0
0.037439008525410676 	        0.0
0.037751837891926605 	        0.0
0.038067281168810606 	        0.0
0.0383853601971305 	        0.0
0.03870609700045164 	        0.0
0.03902951378636191 	        0.0
0.039355632948009193 	        0.0
0.03968447706565197 	        0.0
0.04001606890822272 	        0.0
0.04035043143490451 	        0.0
0.0406875877967205 	        0.0
0.04102756133813708 	        0.0
0.04137037559868011 	        0.0
0.041716054314564814 	        0.0
0.042064621420339315 	        0.0
0.04241610105054175 	        0.0
0.04277051754137138 	        0.0
0.04312789543237358 	        0.0
0.04348825946813905 	        0.0
0.04385163460001693 	        0.0
0.04421804598784256 	        0.0
0.04458751900167944 	        0.0
0.04496007922357595 	        0.0
0.04533575244933649 	        0.0
0.045714564690307644 	        0.0
0.04609654217517915 	        0.0
0.04648171135180008 	        0.0
0.04687009888900985 	        0.0
0.04726173167848493 	        0.0
0.047656636836600735 	        0.0
0.04805484170630913 	        0.0
0.048456373859031725 	        0.0
0.048861261096568784 	        0.0
0.04926953145302426 	        0.0
0.049681213196746836 	        0.0
0.05009633483228728 	        0.0
0.05051492510237196 	        0.0
0.050937012989893046 	        0.0
0.05136262771991523 	        0.0
0.051791798761699336 	        0.0
0.05222455583074261 	        0.0
0.052660928890836296 	        0.0
0.05310094815614025 	        0.0
0.05354464409327507 	        0.0
0.0539920474234314 	        0.0
0.054443189124497186 	        0.0
0.054898100433202486 	        0.0
0.05535681284728229 	        0.0
0.0558193581276575 	        0.0
0.05628576830063388 	        0.0
0.056756075660119615 	        0.0
0.05723031276986128 	        0.0
0.05770851246569865 	        0.0
0.05819070785783806 	        0.0
0.05867693233314503 	        0.0
0.0591672195574559 	        0.0
0.059661603477908956 	        0.0
0.0601601183252947 	        0.0
0.06066279861642612 	        0.0
0.06116967915652853 	        0.0
0.06168079504164957 	        0.0
0.062196181661089076 	        0.0
0.0627158746998495 	        0.0
0.06323991014110672 	        0.0
0.06376832426870142 	        0.0
0.06430115366965151 	        0.0
0.06483843523668521 	        0.0
0.06538020617079554 	        0.0
0.0659265039838161 	        0.0
0.06647736650101842 	        0.0
0.06703283186373084 	        0.0
0.06759293853197947 	        0.0
0.06815772528715106 	        0.0
0.06872723123467835 	        0.0
0.06930149580674749 	        0.0
0.06988055876502847 	        0.0
0.07046446020342809 	        0.0
0.07105324055086605 	        0.0
0.07164694057407434 	        0.0
0.07224560138041966 	        0.0
0.07284926442074989 	        0.0
0.07345797149226398 	        0.0
0.07407176474140606 	        0.0
0.07469068666678354 	        0.0
0.07531478012210971 	        0.0
0.07594408831917089 	        0.0
0.07657865483081853 	        0.0
0.0772185235939859 	        0.0
0.07786373891273042 	        0.0
0.07851434546130122 	        0.0
0.07917038828723238 	        0.0
0.07983191281446192 	        0.0
0.08049896484647695 	        0.0
0.08117159056948507 	        0.0
0.08184983655561225 	        0.0
0.08253374976612757 	        0.0
0.08322337755469462 	        0.0
0.0839187676706503 	        0.0
0.08461996826231094 	        0.0
0.08532702788030616 	        0.0
0.0860399954809403 	        0.0
0.08675892042958223 	        0.0
0.08748385250408335 	        0.0
0.08821484189822422 	        0.0
0.08895193922518987 	        0.0
0.08969519552107423 	        0.0
0.09044466224841381 	        0.0
0.09120039129975113 	        0.0
0.09196243500122742 	        0.0
0.0927308461162058 	        0.0
0.09350567784892463 	        0.0
0.09428698384818117 	        0.0
0.09507481821104642 	        0.0
0.09586923548661055 	        0.0
0.0966702906797599 	        0.0
0.09747803925498547 	        0.0
0.09829253714022339 	        0.0
0.09911384073072713 	        0.0
0.09994200689297231 	        0.0
0.10077709296859413 	        0.0
0.10161915677835781 	        0.0
0.10246825662616174 	        0.0
0.10332445130307466 	        0.0
0.10418780009140619 	        0.0
0.10505836276881148 	        0.0
0.10593619961243038 	        0.0
0.1068213714030607 	        0.0
0.10771393942936677 	        0.0
0.108613965492123 	        0.0
0.10952151190849303 	        0.0
0.11043664151634434 	        0.0
0.11135941767859918 	        0.0
0.11228990428762176 	        0.0
0.11322816576964229 	        0.0
0.11417426708921748 	        0.0
0.11512827375372886 	        0.0
0.11609025181791838 	        0.0
0.11706026788846216 	        0.0
0.11803838912858201 	        0.0
0.11902468326269598 	        0.0
0.12001921858110742 	        0.0
0.12102206394473343 	        0.0
0.12203328878987284 	        0.0
0.12305296313301364 	        0.0
0.12408115757568115 	        0.0
0.12511794330932619 	        0.0
0.12616339212025468 	        0.0
0.12721757639459766 	        0.0
0.12828056912332342 	        0.0
0.1293524439072914 	        0.0
0.13043327496234833 	        0.0
0.13152313712446664 	        0.0
0.13262210585492618 	        0.0
0.13373025724553908 	        0.0
0.13484766802391854 	        0.0
0.13597441555879092 	        0.0
0.13711057786535308 	        0.0
0.13825623361067388 	        0.0
0.13941146211914113 	        0.0
0.1405763433779541 	        0.0
0.14175095804266147 	        0.0
0.142935387442746 	        0.0
0.1441297135872557 	        0.0
0.14533401917048241 	        0.0
0.14654838757768682 	        0.0
0.1477729028908726 	        0.0
0.14900764989460785 	        0.0
0.1502527140818958 	        0.0
0.151508181660094 	        0.0
0.15277413955688335 	        0.0
0.15405067542628692 	        0.0
0.1553378776547393 	        0.0
0.15663583536720593 	        0.0
0.15794463843335443 	        0.0
0.1592643774737769 	        0.0
0.16059514386626444 	        0.0
0.16193702975213453 	        0.0
0.16329012804261003 	        0.0
0.16465453242525294 	        0.0
0.1660303373704508 	        0.0
0.16741763813795835 	        0.0
0.1688165307834926 	        0.0
0.17022711216538397 	        0.0
0.17164947995128263 	        0.0
0.17308373262492124 	        0.0
0.17452996949293328 	        0.0
0.1759882906917295 	        0.0
0.17745879719443097 	        0.0
0.17894159081786076 	        0.0
0.1804367742295932 	        0.0
0.18194445095506284 	        0.0
0.18346472538473238 	        0.0
0.1849977027813204 	        0.0
0.18654348928709025 	        0.0
0.18810219193119856 	        0.0
0.18967391863710628 	        0.0
0.191258778230051 	       0.05
0.19285688044458238 	       0.05
0.19446833593215943 	       0.05
0.1960932562688124 	       0.05
0.19773175396286816 	       0.05
0.19938394246274 	       0.05
0.20104993616478276 	       0.05
0.20272985042121425 	       0.05
0.20442380154810086 	       0.05
0.2061319068334122 	       0.05
0.20785428454514168 	       0.05
0.20959105393949531 	       0.05
0.21134233526914903 	       0.05
0.2131082497915748 	       0.05
0.21488891977743646 	       0.05
0.21668446851905532 	       0.05
0.21849502033894794 	       0.05
0.22032070059843253 	       0.05
0.22216163570631003 	       0.05
0.22401795312761613 	       0.05
0.22588978139244698 	       0.05
0.2277772501048585 	       0.05
0.22968048995184004 	       0.05
0.23159963271236286 	       0.05
0.2335348112665053 	       0.05
0.2354861596046519 	       0.05
0.23745381283677192 	       0.05
0.23943790720177366 	       0.05
0.24143858007693786 	       0.05
0.2434559699874295 	       0.05
0.24549021661588916 	       0.05
0.2475414608121045 	       0.05
0.2496098446027626 	       0.05
0.2516955112012844 	       0.05
0.2537986050177395 	       0.05
0.25591927166884587 	       0.05
0.2580576579880521 	       0.05
0.2602139120357039 	       0.05
0.2623881831092958 	       0.05
0.26458062175380836 	       0.05
0.2667913797721319 	       0.05
0.2690206102355767 	       0.05
0.271268467494473 	       0.05
0.2735351071888561 	       0.05
0.2758206862592441 	       0.05
0.278125362957504 	       0.05
0.280449296857809 	       0.05
0.2827926488676871 	       0.05
0.2851555812391626 	        0.1
0.2875382575799897 	        0.1
0.2899408428649817 	        0.1
0.29236350344743234 	        0.1
0.29480640707063493 	        0.1
0.2972697228794964 	        0.1
0.299753621432249 	        0.1
0.30225827471225936 	        0.1
0.30478385613993675 	        0.1
0.3073305405847405 	        0.1
0.30989850437728744 	        0.1
0.3124879253215622 	        0.1
0.3150989827072265 	        0.1
0.317731857322034 	        0.1
0.3203867314643479 	        0.1
0.3230637889557629 	        0.1
0.3257632151538331 	        0.1
0.32848519696490586 	        0.1
0.3312299228570628 	        0.1
0.3339975828731705 	        0.1
0.336788368644037 	        0.1
0.3396024734016814 	        0.1
0.34244009199271286 	        0.1
0.34530142089182164 	        0.1
0.34818665821538275 	        0.1
0.35109600373517363 	        0.1
0.354029658892206 	        0.1
0.3569878268106731 	        0.1
0.35997071231201544 	        0.1
0.3629785219291004 	        0.1
0.3660114639205236 	        0.1
0.36906974828502837 	        0.1
0.37215358677604604 	        0.1
0.37526319291635724 	        0.1
0.37839878201287647 	        0.1
0.38156057117155917 	        0.1
0.38474877931243556 	        0.1
0.38796362718476624 	        0.1
0.3912053373823282 	        0.1
0.3944741343588267 	        0.1
0.39777024444343634 	        0.1
0.40109389585647176 	        0.1
0.40444531872518963 	        0.1
0.40782474509972255 	        0.1
0.41123240896914526 	        0.1
0.4146685462776779 	        0.1
0.41813339494102014 	        0.1
0.4216271948628256 	        0.1
0.4251501879513126 	        0.1
0.4287026181360133 	        0.1
0.4322847313846637 	        0.1
0.4358967757202339 	        0.1
0.4395390012381006 	        0.1
0.44321166012336555 	        0.1
0.44691500666831374 	        0.1
0.4506492972900224 	        0.1
0.45441479054811446 	        0.1
0.45821174716266133 	        0.1
0.4620404300322348 	        0.1
0.46590110425210973 	        0.1
0.4697940371326195 	        0.1
0.4737194982176638 	        0.1
0.4776777593033732 	        0.1
0.4816690944569257 	        0.1
0.4856937800355246 	        0.1
0.4897520947055329 	        0.1
0.49384431946176793 	        0.1
0.4979707376469573 	        0.1
0.5021316349713573 	        0.1
0.5063272995325345 	        0.1
0.5105580218353161 	        0.1
0.5148240948119005 	        0.1
0.5191258138421423 	        0.1
0.5234634767740033 	        0.1
0.5278373839441757 	        0.1
0.5322478381988766 	        0.1
0.5366951449148175 	        0.1
0.5411796120203479 	        0.1
0.5457015500167758 	        0.1
0.5502612719998684 	        0.1
0.5548590936815279 	        0.1
0.5594953334116528 	        0.1
0.5641703122001801 	        0.1
0.5688843537393113 	        0.1
0.5736377844259254 	        0.1
0.5784309333841775 	        0.1
0.5832641324882871 	        0.1
0.5881377163855191 	        0.1
0.593052022519351 	        0.1
0.5980073911528392 	        0.1
0.6030041653921788 	        0.1
0.6080426912104592 	        0.1
0.6131233174716195 	        0.1
0.6182463959546037 	        0.1
0.6234122813777171 	        0.1
0.6286213314231864 	       0.15
0.6338739067619281 	       0.15
0.6391703710785173 	       0.15
0.6445110910963706 	       0.15
0.6498964366031386 	       0.15
0.6553267804763084 	       0.15
0.6608024987090225 	       0.15
0.6663239704361111 	       0.15
0.6718915779603444 	       0.15
0.677505706778901 	       0.15
0.6831667456100634 	       0.15
0.6888750864201276 	       0.15
0.6946311244505459 	       0.15
0.7004352582452916 	       0.15
0.7062878896784551 	        0.2
0.7121894239820685 	        0.2
0.7181402697741637 	        0.2
0.7241408390870643 	        0.2
0.7301915473959172 	        0.2
0.7362928136474557 	        0.2
0.7424450602890096 	        0.2
0.7486487132977545 	        0.2
0.7549042022102065 	        0.2
0.7612119601519626 	        0.2
0.7675724238676901 	        0.2
0.7739860337513667 	        0.2
0.780453233876772 	        0.2
0.7869744720282382 	        0.2
0.7935501997316498 	        0.2
0.8001808722857092 	        0.2
0.806866948793462 	       0.25
0.8136088921940833 	       0.25
0.8204071692949326 	       0.25
0.8272622508038745 	       0.25
0.8341746113618695 	       0.25
0.8411447295758412 	       0.25
0.8481730880518096 	       0.25
0.8552601734283098 	       0.25
0.8624064764100858 	       0.25
0.8696124918020665 	       0.25
0.8768787185436251 	       0.25
0.884205659743126 	       0.25
0.8915938227127599 	       0.25
0.8990437190036674 	       0.25
0.9065558644413638 	       0.25
0.9141307791614481 	       0.25
0.9217689876456203 	       0.25
0.929471018757996 	       0.25
0.9372374057817237 	       0.25
0.9450686864559095 	       0.25
0.9529654030128499 	       0.25
0.960928102215574 	       0.25
0.9689573353957055 	        0.3
0.9770536584916302 	        0.3
0.9852176320869928 	        0.3
0.9934498214495104 	        0.3
1.0017507965701118 	        0.3
1.0101211322024017 	        0.3
1.0185614079024583 	        0.3
1.0270722080689594 	        0.3
1.0356541219836457 	        0.3
1.044307743852127 	        0.3
1.0530336728450174 	        0.3
1.0618325131394248 	        0.3
1.070704873960785 	        0.3
1.079651369625042 	        0.3
1.088672619581184 	       0.35
1.0977692484541326 	       0.35
1.106941886087991 	       0.45
1.1161911675896585 	       0.45
1.1255177333727977 	       0.45
1.1349222292021806 	       0.45
1.1444053062384005 	       0.45
1.1539676210829575 	       0.45
1.1636098358237206 	       0.45
1.1733326180807715 	       0.45
1.1831366410526287 	        0.5
1.193022583562859 	        0.5
1.2029911301070833 	        0.5
1.2130429709003634 	        0.5
1.2231788019249965 	        0.5
1.2333993249787039 	        0.5
1.2437052477232227 	        0.5
1.2540972837333035 	        0.5
1.2645761525461183 	        0.5
1.2751425797110794 	        0.5
1.2857972968400804 	        0.5
1.2965410416581453 	        0.5
1.307374558054514 	        0.5
1.3182985961341456 	        0.5
1.3293139122696565 	        0.5
1.3404212691536903 	        0.5
1.3516214358517273 	        0.5
1.3629151878553325 	        0.5
1.3743033071358495 	        0.5
1.3857865821985493 	        0.5
1.3973658081372173 	        0.5
1.4090417866892104 	        0.5
1.420815326290968 	        0.5
1.4326872421339865 	        0.5
1.4446583562212634 	        0.5
1.4567294974242124 	        0.5
1.4689015015400513 	        0.5
1.481175211349679 	        0.5
1.4935514766760198 	        0.5
1.5060311544428702 	        0.5
1.5186151087342306 	       0.55
1.5313042108541333 	       0.55
1.544099339386972 	       0.55
1.5570013802583333 	       0.55
1.570011226796338 	       0.55
1.583129779793493 	       0.55
1.5963579475690675 	       0.55
1.6096966460319757 	       0.55
1.6231467987441988 	       0.55
1.6367093369847314 	       0.55
1.6503851998140615 	       0.55
1.6641753341391916 	       0.55
1.6780806947792002 	       0.55
1.6921022445313532 	       0.55
1.7062409542377721 	       0.55
1.7204978028526456 	       0.55
1.7348737775100176 	       0.55
1.7493698735921348 	       0.55
1.7639870947983654 	       0.55
1.778726453214695 	       0.55
1.7935889693838025 	       0.55
1.8085756723757227 	       0.55
1.8236875998590945 	       0.55
1.838925798173018 	       0.55
1.8542913223994892 	       0.55
1.8697852364364624 	       0.55
1.8854086130715102 	       0.55
1.9011625340561036 	       0.55
1.9170480901805111 	       0.55
1.9330663813493254 	       0.55
1.9492185166576157 	       0.55
1.9655056144677314 	       0.55
1.981928802486723 	       0.55
1.9984892178444316 	       0.55
2.015188007172222 	       0.55
2.0320263266823746 	       0.55
2.049005342248139 	       0.55
2.0661262294844605 	       0.55
2.0833901738293776 	       0.55
2.1007983706260993 	       0.55
2.1183520252057764 	        0.6
2.136052352970949 	        0.6
2.153900579479705 	        0.6
2.171897940530535 	        0.6
2.190045682247901 	        0.6
2.2083450611685143 	        0.6
2.2267973443283378 	        0.6
2.2454038093503157 	        0.6
2.264165744532832 	       0.65
2.2830844489389204 	       0.65
2.3021612324861978 	       0.65
2.32139741603757 	       0.65
2.3407943314926856 	       0.65
2.3603533218801562 	       0.65
2.3800757414505456 	        0.7
2.3999629557701385 	        0.7
2.420016341815488 	        0.7
2.4402372880687655 	        0.7
2.460627194613886 	        0.7
2.4811874732334567 	        0.7
2.501919547506526 	        0.7
2.52282485290715 	        0.7
2.5439048369037867 	        0.7
2.5651609590595132 	        0.7
2.5865946911330893 	        0.7
2.608207517180855 	        0.7
2.630000933659499 	        0.7
2.6519764495296534 	        0.7
2.6741355863603853 	        0.7
2.6964798784345474 	        0.7
2.7190108728550086 	        0.7
2.741730129651776 	        0.7
2.7646392218900084 	        0.7
2.7877397357789335 	        0.7
2.811033270781686 	        0.7
2.8345214397260365 	        0.7
2.8582058689160745 	        0.7
2.8820881982448086 	        0.7
2.906170081307711 	        0.7
2.9304531855172145 	        0.7
2.9549391922181596 	        0.7
2.9796297968042103 	        0.7
3.00452670883524 	        0.7
3.0296316521557127 	        0.7
3.0549463650140196 	        0.7
3.08047260018285 	        0.7
3.1062121250805466 	        0.7
3.1321667218934808 	        0.7
3.1583381876994507 	        0.7
3.1847283345921094 	        0.7
3.211338989806429 	        0.7
3.2381719958452293 	        0.7
3.265229210606735 	        0.7
3.2925125075132256 	        0.7
3.320023775640747 	        0.7
3.3477649198499106 	        0.7
3.3757378609177833 	        0.7
3.403944535670882 	        0.7
3.4323868971192772 	        0.7
3.461066914591815 	        0.7
3.4899865738724856 	        0.7
3.519147877337897 	        0.7
3.548552844095932 	        0.7
3.578203510125546 	        0.7
3.608101928417738 	        0.7
3.6382501691176947 	        0.7
3.668650319668131 	        0.7
3.699304484953816 	        0.7
3.7302147874473284 	        0.7
3.7613833673559944 	        0.7
3.7928123827700886 	        0.7
3.8245040098122534 	        0.7
3.8564604427881735 	        0.7
3.888683894338509 	        0.7
3.9211765955920947 	        0.7
3.953940796320423 	        0.7
3.986978765093414 	        0.7
4.020292789436502 	        0.7
4.053885175989004 	        0.7
4.087758250663837 	        0.7
4.121914358808568 	        0.7
4.156355865367797 	        0.7
4.191085155046911 	        0.7
4.22610463247719 	        0.7
4.261416722382306 	        0.7
4.297023869746223 	        0.7
4.33292853998246 	        0.7
4.369133219104812 	        0.7
4.4056404138994765 	        0.7
4.442452652098619 	        0.7
4.479572482555395 	        0.7
4.517002475420426 	        0.7
4.554745222319762 	        0.7
4.592803336534312 	        0.7
4.631179453180807 	        0.7
4.669876229394227 	        0.7
4.708896344511796 	        0.7
4.748242500258495 	        0.7
4.787917420934124 	        0.7
4.827923853601934 	        0.7
4.868264568278829 	        0.7
4.908942358127158 	        0.7
4.9499600396481265 	        0.7
4.991320452876786 	        0.7
5.03302646157869 	        0.7
5.075080953448178 	        0.7
5.117486840308315 	        0.7
5.160247058312503 	        0.7
5.203364568147785 	        0.7
5.246842355239831 	        0.7
5.290683429959649 	        0.7
5.334890827832038 	        0.7
5.379467609745737 	        0.7
5.424416862165376 	        0.7
5.469741697345181 	        0.7
5.515445253544455 	        0.7
5.561530695244882 	        0.7
5.608001213369621 	        0.7
5.6548600255042505 	        0.7
5.702110376119541 	        0.7
5.749755536796131 	        0.7
5.797798806451003 	        0.7
5.846243511565934 	        0.7
5.8950930064178 	        0.7
5.944350673310835 	        0.7
5.994019922810811 	       0.75
6.044104193981189 	       0.75
6.094606954621227 	       0.75
6.145531701506116 	       0.75
6.196881960629054 	       0.75
6.24866128744541 	       0.75
6.300873267118894 	       0.75
6.3535215147697945 	       0.75
6.406609675725279 	       0.75
6.460141425771803 	       0.75
6.514120471409613 	        0.8
6.568550550109378 	        0.8
6.623435430570993 	        0.8
6.678778912984486 	        0.8
6.734584829293162 	        0.8
6.790857043458921 	        0.8
6.847599451729792 	        0.8
6.904815982909712 	        0.8
6.9625105986305496 	        0.8
7.0206872936263975 	        0.8
7.079350096010198 	        0.8
7.138503067552599 	        0.8
7.198150303963222 	        0.8
7.2582959351742335 	        0.8
7.3189441256263015 	        0.8
7.380099074556938 	        0.8
7.441765016291251 	        0.8
7.503946220535128 	        0.8
7.566646992670854 	        0.8
7.629871674055254 	        0.8
7.693624642320226 	        0.8
7.7579103116758885 	        0.8
